Iteração =X
Elemento =0
GRAU DO POLINOMIO =3
NUMERO DE NOS =10
Coordenadas Adimensionais dos Nós
0 Xsi[0][0]=0   Xsi[0][1]=0   
1 Xsi[1][0]=0.333333   Xsi[1][1]=0   
2 Xsi[2][0]=0   Xsi[2][1]=0.333333   
3 Xsi[3][0]=0.666667   Xsi[3][1]=0   
4 Xsi[4][0]=0.333333   Xsi[4][1]=0.333333   
5 Xsi[5][0]=0   Xsi[5][1]=0.666667   
6 Xsi[6][0]=1   Xsi[6][1]=0   
7 Xsi[7][0]=0.666667   Xsi[7][1]=0.333333   
8 Xsi[8][0]=0.333333   Xsi[8][1]=0.666667   
9 Xsi[9][0]=0   Xsi[9][1]=1   
Matriz dos Coeficientes das Funcoes de forma
1 0 0 0 0 0 0 0 0 0 
-5.5 9 0 -4.5 0 0 1 0 0 0 
-5.5 0 9 0 0 -4.5 0 0 0 1 
9 -22.5 0 18 0 0 -4.5 0 0 0 
18 -22.5 -22.5 4.5 27 4.5 0 -4.5 -4.5 0 
9 0 -22.5 0 0 18 0 0 0 -4.5 
-4.5 13.5 0 -13.5 0 0 4.5 0 0 0 
-13.5 27 13.5 -13.5 -27 0 0 13.5 0 0 
-13.5 13.5 27 0 -27 -13.5 0 0 13.5 0 
-4.5 0 13.5 0 0 -13.5 0 0 0 4.5 
Matriz dos Coeficientes das Derivadas direcionais das Funcoes de forma
C'0
-5.5 9 0 -4.5 0 0 1 0 0 0 
18 -45 0 36 0 0 -9 0 0 0 
18 -22.5 -22.5 4.5 27 4.5 0 -4.5 -4.5 0 
-13.5 40.5 0 -40.5 0 0 13.5 0 0 0 
-27 54 27 -27 -54 0 0 27 0 0 
-13.5 13.5 27 0 -27 -13.5 0 0 13.5 0 
C'1
-5.5 0 9 0 0 -4.5 0 0 0 1 
18 -22.5 -22.5 4.5 27 4.5 0 -4.5 -4.5 0 
18 0 -45 0 0 36 0 0 0 -9 
-13.5 27 13.5 -13.5 -27 0 0 13.5 0 0 
-27 27 54 0 -54 -27 0 0 27 0 
-13.5 0 40.5 0 0 -40.5 0 0 0 13.5 

Ponto de integracao No. =0
Valores das funcoes de forma no ponto de Integracao atual(PHI) :
0 0 0 0 1 0 0 0 0 0 
Valores das derivadas direcionais das funcoes de forma no ponto de Integracao atual(DPHI):
0.5 -1.5 -1.5 1.5 0 0 -0.5 1.5 0 0 
0.5 -1.5 -1.5 0 0 1.5 0 0 1.5 -0.5 
 X= 
3 3 
 J0= 81
 Y= 
3 3 
Matriz A1= 
9 -2.63789e-13 
-0.005 9 
 J1= 81
 A= 
1 0 
-0.000555556 1 
 C= 
1 -0.000555556 
-0.000555556 1 
 E= 
1.54321e-07 0 -0.000277778 -0.000277778 
 S= 
1.54321e-07 0 -0.000277778 -0.000277778 
 CC= 
1 0 0 0 
0 1 0 0 
0 0 0.5 0.5 
0 0 0.5 0.5 
 fint= -1.54235e-05 -1.54235e-05 4.62706e-05 4.62706e-05 4.62706e-05 4.62706e-05 2.57202e-08 -4.62963e-05 0 0 -4.62963e-05 2.57202e-08 -8.57339e-09 1.54321e-05 2.57202e-08 -4.62963e-05 -4.62963e-05 2.57202e-08 1.54321e-05 -8.57339e-09 
 h= 
0.00462792 0.00154064 -0.0138837 -0.00462191 -0.0138837 -0.00462191 0.00925669 0.00462449 0 0 0.00462706 -2.57202e-06 -0.00308556 -0.0015415 0.00925669 0.00462449 0.00462706 -2.57202e-06 -0.00154235 8.57339e-07 
0.00154064 0.0046262 -0.00462191 -0.0138786 -0.00462191 -0.0138786 -5.14403e-06 0.00462449 0 0 0.00462706 0.00925412 1.71468e-06 -0.0015415 -5.14403e-06 0.00462449 0.00462706 0.00925412 -0.00154235 -0.00308471 
-0.0138837 -0.00462191 0.0416512 0.0138657 0.0416512 0.0138657 -0.0277701 -0.0138735 0 0 -0.0138812 7.71605e-06 0.00925669 0.00462449 -0.0277701 -0.0138735 -0.0138812 7.71605e-06 0.00462706 -2.57202e-06 
-0.00462191 -0.0138786 0.0138657 0.0416358 0.0138657 0.0416358 1.54321e-05 -0.0138735 0 0 -0.0138812 -0.0277623 -5.14403e-06 0.00462449 1.54321e-05 -0.0138735 -0.0138812 -0.0277623 0.00462706 0.00925412 
-0.0138837 -0.00462191 0.0416512 0.0138657 0.0416512 0.0138657 -0.0277701 -0.0138735 0 0 -0.0138812 7.71605e-06 0.00925669 0.00462449 -0.0277701 -0.0138735 -0.0138812 7.71605e-06 0.00462706 -2.57202e-06 
-0.00462191 -0.0138786 0.0138657 0.0416358 0.0138657 0.0416358 1.54321e-05 -0.0138735 0 0 -0.0138812 -0.0277623 -5.14403e-06 0.00462449 1.54321e-05 -0.0138735 -0.0138812 -0.0277623 0.00462706 0.00925412 
0.00925669 -5.14403e-06 -0.0277701 1.54321e-05 -0.0277701 1.54321e-05 0.0277778 -1.54321e-05 0 0 -7.71605e-06 -6.93699e-19 -0.00925926 5.14403e-06 0.0277778 -1.54321e-05 -7.71605e-06 -6.93699e-19 2.57202e-06 2.31233e-19 
0.00462449 0.00462449 -0.0138735 -0.0138735 -0.0138735 -0.0138735 -1.54321e-05 0.0138889 0 0 0.0138889 -1.54321e-05 5.14403e-06 -0.00462963 -1.54321e-05 0.0138889 0.0138889 -1.54321e-05 -0.00462963 5.14403e-06 
0 0 0 0 0 0 0 0 0 0 0 0 0 0 0 0 0 0 0 0 
0 0 0 0 0 0 0 0 0 0 0 0 0 0 0 0 0 0 0 0 
0.00462706 0.00462706 -0.0138812 -0.0138812 -0.0138812 -0.0138812 -7.71605e-06 0.0138889 0 0 0.0138889 -7.71605e-06 2.57202e-06 -0.00462963 -7.71605e-06 0.0138889 0.0138889 -7.71605e-06 -0.00462963 2.57202e-06 
-2.57202e-06 0.00925412 7.71605e-06 -0.0277623 7.71605e-06 -0.0277623 -6.93699e-19 -1.54321e-05 0 0 -7.71605e-06 0.0277778 2.31233e-19 5.14403e-06 -6.93699e-19 -1.54321e-05 -7.71605e-06 0.0277778 2.57202e-06 -0.00925926 
-0.00308556 1.71468e-06 0.00925669 -5.14403e-06 0.00925669 -5.14403e-06 -0.00925926 5.14403e-06 0 0 2.57202e-06 2.31233e-19 0.00308642 -1.71468e-06 -0.00925926 5.14403e-06 2.57202e-06 2.31233e-19 -8.57339e-07 -7.70777e-20 
-0.0015415 -0.0015415 0.00462449 0.00462449 0.00462449 0.00462449 5.14403e-06 -0.00462963 0 0 -0.00462963 5.14403e-06 -1.71468e-06 0.00154321 5.14403e-06 -0.00462963 -0.00462963 5.14403e-06 0.00154321 -1.71468e-06 
0.00925669 -5.14403e-06 -0.0277701 1.54321e-05 -0.0277701 1.54321e-05 0.0277778 -1.54321e-05 0 0 -7.71605e-06 -6.93699e-19 -0.00925926 5.14403e-06 0.0277778 -1.54321e-05 -7.71605e-06 -6.93699e-19 2.57202e-06 2.31233e-19 
0.00462449 0.00462449 -0.0138735 -0.0138735 -0.0138735 -0.0138735 -1.54321e-05 0.0138889 0 0 0.0138889 -1.54321e-05 5.14403e-06 -0.00462963 -1.54321e-05 0.0138889 0.0138889 -1.54321e-05 -0.00462963 5.14403e-06 
0.00462706 0.00462706 -0.0138812 -0.0138812 -0.0138812 -0.0138812 -7.71605e-06 0.0138889 0 0 0.0138889 -7.71605e-06 2.57202e-06 -0.00462963 -7.71605e-06 0.0138889 0.0138889 -7.71605e-06 -0.00462963 2.57202e-06 
-2.57202e-06 0.00925412 7.71605e-06 -0.0277623 7.71605e-06 -0.0277623 -6.93699e-19 -1.54321e-05 0 0 -7.71605e-06 0.0277778 2.31233e-19 5.14403e-06 -6.93699e-19 -1.54321e-05 -7.71605e-06 0.0277778 2.57202e-06 -0.00925926 
-0.00154235 -0.00154235 0.00462706 0.00462706 0.00462706 0.00462706 2.57202e-06 -0.00462963 0 0 -0.00462963 2.57202e-06 -8.57339e-07 0.00154321 2.57202e-06 -0.00462963 -0.00462963 2.57202e-06 0.00154321 -8.57339e-07 
8.57339e-07 -0.00308471 -2.57202e-06 0.00925412 -2.57202e-06 0.00925412 2.31233e-19 5.14403e-06 0 0 2.57202e-06 -0.00925926 -7.70777e-20 -1.71468e-06 2.31233e-19 5.14403e-06 2.57202e-06 -0.00925926 -8.57339e-07 0.00308642 
 ue[0]=7.71605e-08 J0=81 W[i]=0.1125

Ponto de integracao No. =1
Valores das funcoes de forma no ponto de Integracao atual(PHI) :
-0.0568817 0.0518521 0.408231 -0.103704 0.356379 0.408231 0.0446272 -0.103704 0.0518521 -0.0568817 
Valores das derivadas direcionais das funcoes de forma no ponto de Integracao atual(DPHI):
0.247326 0.379012 -3.85227 -1.13704 5.20988 -0.868314 0.510698 -1.35762 0.868314 0 
0.247326 -0.489302 -2.98395 0.220581 0 2.98395 0 -0.220581 0.489302 -0.247326 
 X= 
0.537443 4.23128 
 J0= 81
 Y= 
0.537443 4.23172 
Matriz A1= 
9 5.06262e-14 
0.00510698 9 
 J1= 81
 A= 
1 0 
0.000567442 1 
 C= 
1 0.000567442 
0.000567442 1 
 E= 
1.60995e-07 0 0.000283721 0.000283721 
 S= 
1.60995e-07 0 0.000283721 0.000283721 
 CC= 
1 0 0 0 
0 1 0 0 
0 0 0.5 0.5 
0 0 0.5 0.5 
 fint= 7.80125e-06 7.80126e-06 -1.54183e-05 1.19394e-05 -9.41367e-05 -0.000121494 6.93337e-06 -3.58406e-05 9.31963e-08 0.000164239 9.40523e-05 -2.73198e-05 9.13555e-09 1.60995e-05 -6.97799e-06 -4.28022e-05 1.54406e-05 2.7382e-05 -7.79683e-06 -4.42425e-09 
 h= 
0.0011332 0.000378235 0.000410162 0.00057887 -0.016324 -0.00589052 -0.00313586 -0.00173769 0.0159124 0.00796296 0.00190613 -0.00132457 0.00155981 0.000780568 -0.00448347 -0.00207522 0.0033995 0.00132758 -0.000377806 -2.14262e-07 
0.000378235 0.00113363 -0.000746785 -0.000915589 -0.00456486 -0.0150043 0.000334982 -0.00106398 9.02679e-06 0.00796297 0.00455668 0.00778922 8.8485e-07 0.000780569 -0.000339304 -0.00274893 0.000748946 0.00282204 -0.000377806 -0.000755613 
0.000410162 -0.000746785 0.00325004 -0.00114292 -0.00901004 0.0116302 -0.00598436 0.00343088 0.0243689 -0.015722 -0.0130702 0.00261522 0.00238876 -0.00154115 -0.00568423 0.00409729 0.00258426 -0.00262117 0.000746689 4.23889e-07 
0.00057887 -0.000915589 -0.00114292 0.00383989 -0.00698631 0.00901796 0.000512669 -0.00398818 1.3833e-05 0.0121711 0.00697377 -0.020046 1.35598e-06 0.00119307 -0.000519292 -0.00183971 0.00114623 -0.000925947 -0.000578214 0.00149338 
-0.016324 -0.00456486 -0.00901004 -0.00698631 0.238253 0.0710918 0.050022 0.020972 -0.247831 -0.0961038 -0.013698 0.0159861 -0.0242935 -0.00942056 0.0686468 0.0250455 -0.0503244 -0.0160224 0.00455894 2.58504e-06 
-0.00589052 -0.0150043 0.0116302 0.00901796 0.0710918 0.201691 -0.0052169 0.0189299 -0.000140599 -0.123997 -0.0709644 -0.08934 -1.37822e-05 -0.0121548 0.00528422 0.0404436 -0.0116639 -0.0387047 0.00588384 0.00911788 
-0.00313586 0.000334982 -0.00598436 0.000512669 0.050022 -0.0052169 0.0162597 -0.00153897 -0.0731296 0.00705232 0.0162394 -0.00117308 -0.00716851 0.000691303 0.018757 -0.0018379 -0.011524 0.00117577 -0.000335776 -1.91092e-07 
-0.00173769 -0.00106398 0.00343088 -0.00398818 0.020972 0.0189299 -0.00153897 0.00857773 -4.14991e-05 -0.0365588 -0.0209344 0.0141953 -4.06794e-06 -0.00358367 0.00155884 0.00892773 -0.00344082 -0.00476455 0.00173572 -0.000671551 
0.0159124 9.02679e-06 0.0243689 1.3833e-05 -0.247831 -0.000140599 -0.0731296 -4.14991e-05 0.335097 0.000190148 -0.0557951 -3.16914e-05 0.0328479 1.86393e-05 -0.0873253 -4.95497e-05 0.0558585 3.16914e-05 -4.5134e-06 2.00435e-20 
0.00796296 0.00796297 -0.015722 0.0121711 -0.0961038 -0.123997 0.00705232 -0.0365588 0.000190148 0.167549 0.0959316 -0.0278159 1.86393e-05 0.0164239 -0.00714337 -0.0436687 0.0157675 0.0279427 -0.00795393 -9.02679e-06 
0.00190613 0.00455668 -0.0130702 0.00697377 -0.013698 -0.0709644 0.0162394 -0.0209344 -0.0557951 0.0959316 0.0642529 -0.0159574 -0.00546931 0.00940368 0.010477 -0.0250006 -0.00028799 0.0159937 -0.00455485 -2.58504e-06 
-0.00132457 0.00778922 0.00261522 -0.020046 0.0159861 -0.08934 -0.00117308 0.0141953 -3.16914e-05 -0.0278159 -0.0159574 0.114543 -3.10654e-06 -0.00272665 0.00118826 -0.000876217 -0.00262281 0.0133864 0.00132307 -0.0091097 
0.00155981 8.8485e-07 0.00238876 1.35598e-06 -0.0242935 -1.37822e-05 -0.00716851 -4.06794e-06 0.0328479 1.86393e-05 -0.00546931 -3.10654e-06 0.00321991 1.82711e-06 -0.00856005 -4.85711e-06 0.00547552 3.10654e-06 -4.42425e-07 1.96476e-21 
0.000780568 0.000780569 -0.00154115 0.00119307 -0.00942056 -0.0121548 0.000691303 -0.00358367 1.86393e-05 0.0164239 0.00940368 -0.00272665 1.82711e-06 0.00160995 -0.000700228 -0.00428062 0.00154561 0.00273907 -0.000779683 -8.8485e-07 
-0.00448347 -0.000339304 -0.00568423 -0.000519292 0.0686468 0.00528422 0.018757 0.00155884 -0.0873253 -0.00714337 0.010477 0.00118826 -0.00856005 -0.000700228 0.023057 0.00186162 -0.0152228 -0.00119094 0.000337937 1.91092e-07 
-0.00207522 -0.00274893 0.00409729 -0.00183971 0.0250455 0.0404436 -0.0018379 0.00892773 -4.95497e-05 -0.0436687 -0.0250006 -0.000876217 -4.85711e-06 -0.00428062 0.00186162 0.0119822 -0.00410916 -0.00861525 0.00207286 0.000675874 
0.0033995 0.000748946 0.00258426 0.00114623 -0.0503244 -0.0116639 -0.011524 -0.00344082 0.0558585 0.0157675 -0.00028799 -0.00262281 0.00547552 0.00154561 -0.0152228 -0.00410916 0.0107891 0.00262876 -0.00074777 -4.23889e-07 
0.00132758 0.00282204 -0.00262117 -0.000925947 -0.0160224 -0.0387047 0.00117577 -0.00476455 3.16914e-05 0.0279427 0.0159937 0.0133864 3.10654e-06 0.00273907 -0.00119094 -0.00861525 0.00262876 0.00761585 -0.00132608 -0.00149554 
-0.000377806 -0.000377806 0.000746689 -0.000578214 0.00455894 0.00588384 -0.000335776 0.00173572 -4.5134e-06 -0.00795393 -0.00455485 0.00132307 -4.42425e-07 -0.000779683 0.000337937 0.00207286 -0.00074777 -0.00132608 0.000377592 2.14262e-07 
-2.14262e-07 -0.000755613 4.23889e-07 0.00149338 2.58504e-06 0.00911788 -1.91092e-07 -0.000671551 2.00435e-20 -9.02679e-06 -2.58504e-06 -0.0091097 1.96476e-21 -8.8485e-07 1.91092e-07 0.000675874 -4.23889e-07 -0.00149554 2.14262e-07 0.000755184 
 ue[1]=8.04977e-08 J0=81 W[i]=0.0661971

Ponto de integracao No. =2
Valores das funcoes de forma no ponto de Integracao atual(PHI) :
0.0446272 -0.103704 -0.103704 0.0518521 0.356379 0.0518521 -0.0568817 0.408231 0.408231 -0.0568817 
Valores das derivadas direcionais das funcoes de forma no ponto de Integracao atual(DPHI):
-0.510698 1.13704 1.35762 -0.379012 -5.20988 -0.868314 -0.247326 3.85227 0.868314 0 
-0.510698 1.35762 1.13704 -0.868314 -5.20988 -0.379012 0 0.868314 3.85227 -0.247326 
 X= 
4.23128 4.23128 
 J0= 81
 Y= 
4.23128 4.23071 
Matriz A1= 
9 1.77636e-14 
-0.00247326 9 
 J1= 81
 A= 
1 0 
-0.000274806 1 
 C= 
1 -0.000274806 
-0.000274806 1 
 E= 
3.77592e-08 0 -0.000137403 -0.000137403 
 S= 
3.77592e-08 0 -0.000137403 -0.000137403 
 CC= 
1 0 0 0 
0 1 0 0 
0 0 0.5 0.5 
0 0 0.5 0.5 
 fint= 7.79469e-06 7.79469e-06 -2.0722e-05 -1.73534e-05 -1.73534e-05 -2.0722e-05 1.3255e-05 5.78273e-06 7.95175e-05 7.95175e-05 5.78273e-06 1.3255e-05 -1.03765e-09 3.77592e-06 -1.32404e-05 -5.88089e-05 -5.88089e-05 -1.32404e-05 3.77592e-06 -1.03765e-09 
 h= 
0.00482897 0.00160863 -0.0114466 -0.00358131 -0.0121419 -0.00427649 0.00512588 0.00119341 0.0492628 0.0164104 0.00666838 0.00273549 0.00155915 0.000779254 -0.0270214 -0.0121367 -0.0176147 -0.00273248 0.000779469 -2.14262e-07 
0.00160863 0.00482809 -0.00427668 -0.0121398 -0.00358112 -0.0114444 0.00273591 0.0066673 0.0164104 0.0492537 0.00119299 0.0051248 -4.28523e-07 0.000779255 -0.00272989 -0.0176106 -0.0121393 -0.0270174 0.000779469 0.00155894 
-0.0114466 -0.00427668 0.0273332 0.00952123 0.0285809 0.0113694 -0.0125946 -0.00317279 -0.116772 -0.0436285 -0.0153624 -0.00727255 -0.00347126 -0.00207172 0.0613423 0.0322665 0.0444628 0.00726455 -0.0020722 5.69583e-07 
-0.00358131 -0.0121398 0.00952123 0.0307247 0.00797269 0.0285756 -0.006091 -0.0172086 -0.0365347 -0.123844 -0.00265596 -0.0124415 9.54079e-07 -0.00173477 0.0060776 0.0415705 0.0270258 0.0706423 -0.00173534 -0.00414439 
-0.0121419 -0.00358112 0.0285809 0.00797269 0.0307299 0.0095203 -0.0124442 -0.00265676 -0.123866 -0.0365327 -0.0172112 -0.00608973 -0.00414487 -0.00173477 0.0706517 0.0270186 0.041581 0.00608304 -0.00173534 4.77039e-07 
-0.00427649 -0.0114444 0.0113694 0.0285756 0.0095203 0.0273279 -0.00727335 -0.0153597 -0.0436266 -0.11675 -0.00317152 -0.012592 1.13917e-06 -0.00207172 0.00725735 0.0444534 0.0322719 0.0613318 -0.0020722 -0.00347069 
0.00512588 0.00273591 -0.0125946 -0.006091 -0.0124442 -0.00727335 0.00642647 0.00202972 0.0522916 0.0279104 0.00609294 0.00465245 0.00115691 0.00132534 -0.0226733 -0.0206418 -0.0247072 -0.00464734 0.0013255 -3.64298e-07 
0.00119341 0.0066673 -0.00317279 -0.0172086 -0.00265676 -0.0153597 0.00202972 0.0101928 0.0121746 0.0680164 0.000885053 0.00609142 -3.18026e-07 0.000577909 -0.00202526 -0.0183085 -0.00900589 -0.04332 0.000578273 0.00265099 
0.0492628 0.0164104 -0.116772 -0.0365347 -0.123866 -0.0436266 0.0522916 0.0121746 0.502554 0.16741 0.0680275 0.0279061 0.0159057 0.00794956 -0.275659 -0.123812 -0.179696 -0.0278754 0.00795175 -2.18579e-06 
0.0164104 0.0492537 -0.0436285 -0.123844 -0.0365327 -0.11675 0.0279104 0.0680164 0.16741 0.502462 0.0121702 0.0522806 -4.37158e-06 0.00794956 -0.027849 -0.179654 -0.123839 -0.275617 0.00795175 0.0159035 
0.00666838 0.00119299 -0.0153624 -0.00265596 -0.0172112 -0.00317152 0.00609294 0.000885053 0.0680275 0.0121702 0.0101939 0.00202869 0.00265115 0.000577909 -0.0433237 -0.00900077 -0.0183147 -0.00202645 0.000578273 -1.59013e-07 
0.00273549 0.0051248 -0.00727255 -0.0124415 -0.00608973 -0.012592 0.00465245 0.00609142 0.0279061 0.0522806 0.00202869 0.00642535 -7.28596e-07 0.00132534 -0.00464222 -0.0247035 -0.020643 -0.022667 0.0013255 0.00115655 
0.00155915 -4.28523e-07 -0.00347126 9.54079e-07 -0.00414487 1.13917e-06 0.00115691 -3.18026e-07 0.0159057 -4.37158e-06 0.00265115 -7.28596e-07 0.000755184 -2.07529e-07 -0.0117622 3.23241e-06 -0.00264969 7.28596e-07 -1.03765e-07 8.19213e-23 
0.000779254 0.000779255 -0.00207172 -0.00173477 -0.00173477 -0.00207172 0.00132534 0.000577909 0.00794956 0.00794956 0.000577909 0.00132534 -2.07529e-07 0.000377592 -0.00132242 -0.00588053 -0.00588053 -0.00132242 0.000377592 -2.07529e-07 
-0.0270214 -0.00272989 0.0613423 0.0060776 0.0706517 0.00725735 -0.0226733 -0.00202526 -0.275659 -0.027849 -0.0433237 -0.00464222 -0.0117622 -0.00132242 0.187852 0.0205964 0.0619176 0.00463711 -0.00132404 3.64298e-07 
-0.0121367 -0.0176106 0.0322665 0.0415705 0.0270186 0.0444534 -0.0206418 -0.0183085 -0.123812 -0.179654 -0.00900077 -0.0247035 3.23241e-06 -0.00588053 0.0205964 0.10089 0.0915877 0.0618911 -0.00588089 -0.00264808 
-0.0176147 -0.0121393 0.0444628 0.0270258 0.041581 0.0322719 -0.0247072 -0.00900589 -0.179696 -0.123839 -0.0183147 -0.020643 -0.00264969 -0.00588053 0.0619176 0.0915877 0.100902 0.0206203 -0.00588089 1.61621e-06 
-0.00273248 -0.0270174 0.00726455 0.0706423 0.00608304 0.0613318 -0.00464734 -0.04332 -0.0278754 -0.275617 -0.00202645 -0.022667 7.28596e-07 -0.00132242 0.00463711 0.0618911 0.0206203 0.187841 -0.00132404 -0.0117618 
0.000779469 0.000779469 -0.0020722 -0.00173534 -0.00173534 -0.0020722 0.0013255 0.000578273 0.00795175 0.00795175 0.000578273 0.0013255 -1.03765e-07 0.000377592 -0.00132404 -0.00588089 -0.00588089 -0.00132404 0.000377592 -1.03765e-07 
-2.14262e-07 0.00155894 5.69583e-07 -0.00414439 4.77039e-07 -0.00347069 -3.64298e-07 0.00265099 -2.18579e-06 0.0159035 -1.59013e-07 0.00115655 8.19213e-23 -2.07529e-07 3.64298e-07 -0.00264808 1.61621e-06 -0.0117618 -1.03765e-07 0.000755184 
 ue[2]=1.88796e-08 J0=81 W[i]=0.0661971

Ponto de integracao No. =3
Valores das funcoes de forma no ponto de Integracao atual(PHI) :
-0.0568817 0.408231 0.0518521 0.408231 0.356379 -0.103704 -0.0568817 0.0518521 -0.103704 0.0446272 
Valores das derivadas direcionais das funcoes de forma no ponto de Integracao atual(DPHI):
0.247326 -2.98395 -0.489302 2.98395 0 0.220581 -0.247326 0.489302 -0.220581 0 
0.247326 -3.85227 0.379012 -0.868314 5.20988 -1.13704 0 0.868314 -1.35762 0.510698 
 X= 
4.23128 0.537443 
 J0= 81
 Y= 
4.23128 0.536874 
Matriz A1= 
9 5.32907e-15 
-0.00247326 9 
 J1= 81
 A= 
1 0 
-0.000274806 1 
 C= 
1 -0.000274806 
-0.000274806 1 
 E= 
3.77592e-08 0 -0.000137403 -0.000137403 
 S= 
3.77592e-08 0 -0.000137403 -0.000137403 
 CC= 
1 0 0 0 
0 1 0 0 
0 0 0.5 0.5 
0 0 0.5 0.5 
 fint= -3.77488e-06 -3.77488e-06 5.88001e-05 4.55399e-05 -5.78843e-06 7.47177e-06 1.32691e-05 -4.55597e-05 -7.95393e-05 2.18579e-08 1.736e-05 -3.37238e-06 -1.03765e-09 3.77592e-06 -1.32545e-05 -7.46654e-06 2.07258e-05 3.36191e-06 -7.79683e-06 2.14262e-09 
 h= 
0.00113257 0.000377281 -0.0149896 -0.00455148 -0.000915352 -0.000746766 0.00778466 0.00455346 0.00795175 -2.18579e-06 -0.00106201 0.000337053 -0.00075508 -0.000377384 0.00281912 0.000746243 -0.00274553 -0.000336006 0.000779469 -2.14262e-07 
0.000377281 0.00113236 -0.00587714 -0.0163124 0.000578889 0.00041035 -0.00132779 0.00190252 0.00795175 0.0159035 -0.00173562 -0.0031343 2.07529e-07 -0.000377385 0.00132488 0.00339719 -0.00207192 -0.00448078 0.000779469 0.00155894 
-0.0149896 -0.00587714 0.201491 0.0709013 0.0090114 0.0116328 -0.0892625 -0.0709322 -0.123862 3.40452e-05 0.0189078 -0.00525048 0.00910959 0.00587875 -0.0386658 -0.0116247 0.040401 0.00523418 -0.0121415 3.33727e-06 
-0.00455148 -0.0163124 0.0709013 0.238094 -0.00698367 -0.00901524 0.0160184 -0.0136366 -0.0959292 -0.247723 0.0209384 0.0500045 -2.50382e-06 0.00455237 -0.0159832 -0.0502935 0.0249955 0.068613 -0.00940345 -0.024283 
-0.000915352 0.000578889 0.0090114 -0.00698367 0.00384312 -0.00114582 -0.0200595 0.0069867 0.0121933 -3.34959e-06 -0.00399374 0.000517163 0.00149419 -0.000579048 -0.000923865 0.00114501 -0.00184476 -0.000515559 0.00119524 -3.28343e-07 
-0.000746766 0.00041035 0.0116328 -0.00901524 -0.00114582 0.00325259 0.00262815 -0.0130809 -0.0157392 0.0243865 0.00343538 -0.00598878 -4.1057e-07 0.000747336 -0.00262239 0.00258591 0.00410103 -0.00568823 -0.00154283 0.00239048 
0.00778466 -0.00132779 -0.0892625 0.0160184 -0.0200595 0.00262815 0.114589 -0.0160254 -0.0279511 7.6739e-06 0.0142265 -0.00118621 -0.00911157 0.00132816 0.0133676 -0.00262631 -0.000842638 0.00118254 -0.00273991 7.52233e-07 
0.00455346 0.00190252 -0.0709322 -0.0136366 0.0069867 -0.0130809 -0.0160254 0.0642887 0.0959709 -0.0559023 -0.0209475 0.0162641 2.50382e-06 -0.00455633 0.0159902 -0.000302923 -0.0250063 0.0105037 0.00940753 -0.00547981 
0.00795175 0.00795175 -0.123862 -0.0959292 0.0121933 -0.0157392 -0.0279511 0.0959709 0.167549 -4.60434e-05 -0.0365687 0.00710387 2.18579e-06 -0.00795393 0.0279204 0.0157282 -0.0436587 -0.00708182 0.0164239 -4.5134e-06 
-2.18579e-06 0.0159035 3.40452e-05 -0.247723 -3.34959e-06 0.0243865 7.6739e-06 -0.0559023 -4.60434e-05 0.335097 1.00488e-05 -0.0731375 -2.45907e-20 4.37158e-06 -7.6739e-06 0.0558409 1.19982e-05 -0.0873173 -4.5134e-06 0.0328479 
-0.00106201 -0.00173562 0.0189078 0.0209384 -0.00399374 0.00343538 0.0142265 -0.0209475 -0.0365687 1.00488e-05 0.00858209 -0.00155056 -0.000673998 0.0017361 -0.00476137 -0.00343297 0.00892814 0.00154574 -0.00358465 9.8503e-07 
0.000337053 -0.0031343 -0.00525048 0.0500045 0.000517163 -0.00598878 -0.00118621 0.0162641 0.00710387 -0.0731375 -0.00155056 0.0162631 1.85088e-07 -0.000337715 0.00118361 -0.0115215 -0.001851 0.0187573 0.000696356 -0.00716929 
-0.00075508 2.07529e-07 0.00910959 -2.50382e-06 0.00149419 -4.1057e-07 -0.00911157 2.50382e-06 2.18579e-06 -2.45907e-20 -0.000673998 1.85088e-07 0.000755184 -2.07529e-07 -0.00149367 4.1057e-07 0.000672952 -1.85088e-07 2.14262e-07 -2.4105e-21 
-0.000377384 -0.000377385 0.00587875 0.00455237 -0.000579048 0.000747336 0.00132816 -0.00455633 -0.00795393 4.37158e-06 0.0017361 -0.000337715 -2.07529e-07 0.000377592 -0.00132524 -0.000746289 0.00207249 0.000335621 -0.000779683 4.28523e-07 
0.00281912 0.00132488 -0.0386658 -0.0159832 -0.000923865 -0.00262239 0.0133676 0.0159902 0.0279204 -7.6739e-06 -0.00476137 0.00118361 -0.00149367 -0.00132524 0.00760845 0.00262055 -0.00860779 -0.00117994 0.0027369 -7.52233e-07 
0.000746243 0.00339719 -0.0116247 -0.0502935 0.00114501 0.00258591 -0.00262631 -0.000302923 0.0157282 0.0558409 -0.00343297 -0.0115215 4.1057e-07 -0.000746289 0.00262055 0.0107833 -0.00409815 -0.0152169 0.00154175 0.0054738 
-0.00274553 -0.00207192 0.040401 0.0249955 -0.00184476 0.00410103 -0.000842638 -0.0250063 -0.0436587 1.19982e-05 0.00892814 -0.001851 0.000672952 0.00207249 -0.00860779 -0.00409815 0.011977 0.00184525 -0.00427963 1.17612e-06 
-0.000336006 -0.00448078 0.00523418 0.068613 -0.000515559 -0.00568823 0.00118254 0.0105037 -0.00708182 -0.0873173 0.00154574 0.0187573 -1.85088e-07 0.000335621 -0.00117994 -0.0152169 0.00184525 0.0230529 -0.000694195 -0.00855927 
0.000779469 0.000779469 -0.0121415 -0.00940345 0.00119524 -0.00154283 -0.00273991 0.00940753 0.0164239 -4.5134e-06 -0.00358465 0.000696356 2.14262e-07 -0.000779683 0.0027369 0.00154175 -0.00427963 -0.000694195 0.00160995 -4.42425e-07 
-2.14262e-07 0.00155894 3.33727e-06 -0.024283 -3.28343e-07 0.00239048 7.52233e-07 -0.00547981 -4.5134e-06 0.0328479 9.8503e-07 -0.00716929 -2.4105e-21 4.28523e-07 -7.52233e-07 0.0054738 1.17612e-06 -0.00855927 -4.42425e-07 0.00321991 
 ue[3]=1.88796e-08 J0=81 W[i]=0.0661971

Ponto de integracao No. =4
Valores das funcoes de forma no ponto de Integracao atual(PHI) :
0.0597971 -0.253018 -0.0321375 0.506037 0.220881 -0.0321375 0.217763 0.506037 -0.253018 0.0597971 
Valores das derivadas direcionais das funcoes de forma no ponto de Integracao atual(DPHI):
-0.226917 1.09038 0.178797 -3.27113 -1.90376 0.317293 2.40767 1.72496 -0.317293 0 
-0.226917 1.40767 -0.138496 -4.99609 0 0.138496 0 4.99609 -1.40767 0.226917 
 X= 
7.17684 0.911579 
 J0= 81
 Y= 
7.17684 0.913756 
Matriz A1= 
9 6.66134e-13 
0.0240767 9 
 J1= 81
 A= 
1 0 
0.00267519 1 
 C= 
1.00001 0.00267519 
0.00267519 1 
 E= 
3.57832e-06 -2.22045e-16 0.00133759 0.00133759 
 S= 
3.57832e-06 -2.22045e-16 0.00133759 0.00133759 
 CC= 
1 0 0 0 
0 1 0 0 
0 0 0.5 0.5 
0 0 0.5 0.5 
 fint= -3.3815e-05 -3.38153e-05 0.000209644 0.000162614 -2.05124e-05 2.65183e-05 -0.000743827 -0.00048815 -7.56917e-07 -0.000282942 2.07096e-05 4.7212e-05 9.57267e-07 0.000357834 0.000743213 0.000258355 -0.000209336 -4.77167e-05 3.37248e-05 9.02202e-08 
 h= 
0.000955249 0.0003204 -0.00503576 -0.00154076 -0.00030705 -0.000251267 0.0161931 0.00462519 0.00534044 0.00268091 -0.00108459 -0.000447337 -0.00675401 -0.00339053 -0.0118557 -0.00244785 0.0028671 0.000452093 -0.000318699 -8.50305e-07 
0.0003204 0.000956956 -0.0019852 -0.0054896 0.000193174 0.000137237 0.00704138 0.0186403 1.42675e-05 0.00268097 -0.000196891 -0.000835857 -1.8044e-05 -0.0033906 -0.0070298 -0.016463 0.00197941 0.00440091 -0.000318699 -0.0006374 
-0.00503576 -0.0019852 0.0269605 0.00954661 0.00120511 0.00155685 -0.0876128 -0.0286578 -0.0256717 -0.0166109 0.00548454 0.00277171 0.0324668 0.0210077 0.0667632 0.015167 -0.0165356 -0.00280121 0.00197584 5.27482e-06 
-0.00154076 -0.0054896 0.00954661 0.031904 -0.000928957 -0.00120009 -0.0338612 -0.109175 -6.8558e-05 -0.0129025 0.000946822 0.00456227 8.67047e-05 0.0163176 0.0338055 0.0986961 -0.00951877 -0.0266646 0.00153259 0.0039517 
-0.00030705 0.000193174 0.00120511 -0.000928957 0.000512259 -0.000151484 -0.00295668 0.00278864 -0.00419798 0.00161631 0.00058167 -0.000269701 0.00530914 -0.00204413 -0.000452762 -0.00147593 0.000499616 0.000272604 -0.000193325 -5.18972e-07 
-0.000251267 0.000137237 0.00155685 -0.00120009 -0.000151484 0.00043251 -0.00552202 0.00491755 -1.1242e-05 -0.00209249 0.000154413 0.000112762 1.42176e-05 0.00264636 0.00551289 -0.006617 -0.00155228 0.00204982 0.000249927 -0.000386651 
0.0161931 0.00704138 -0.0876128 -0.0338612 -0.00295668 -0.00552202 0.286722 0.101647 0.0770394 0.0589178 -0.0171186 -0.00983105 -0.097431 -0.0745128 -0.224154 -0.0537965 0.0563286 0.00993576 -0.0070104 -1.87214e-05 
0.00462519 0.0186403 -0.0286578 -0.109175 0.00278864 0.00491755 0.101647 0.375293 0.000205674 0.038756 -0.00284224 -0.0150168 -0.000260114 -0.0490143 -0.10148 -0.343816 0.0285743 0.093437 -0.00460067 -0.0140209 
0.00534044 1.42675e-05 -0.0256717 -6.8558e-05 -0.00419798 -1.1242e-05 0.0770394 0.000205674 0.0447446 0.0001197 -0.00746179 -1.995e-05 -0.0565882 -0.000151383 -0.0406994 -0.000108458 0.00750169 1.995e-05 -7.13377e-06 5.26597e-19 
0.00268091 0.00268097 -0.0166109 -0.0129025 0.00161631 -0.00209249 0.0589178 0.038756 0.0001197 0.0223727 -0.0016475 -0.00373749 -0.000151383 -0.0282946 -0.0588206 -0.0205857 0.0165623 0.00381729 -0.00266664 -1.42675e-05 
-0.00108459 -0.000196891 0.00548454 0.000946822 0.00058167 0.000154413 -0.0171186 -0.00284224 -0.00746179 -0.0016475 0.00136276 0.0002749 0.00943687 0.00208358 0.0110584 0.0015042 -0.00245444 -0.000277803 0.000195184 5.18972e-07 
-0.000447337 -0.000835857 0.00277171 0.00456227 -0.000269701 0.000112762 -0.00983105 -0.0150168 -1.995e-05 -0.00373749 0.0002749 0.000861172 2.52306e-05 0.00472678 0.00981485 0.0119813 -0.00276361 -0.00304455 0.00044496 0.000390369 
-0.00675401 -1.8044e-05 0.0324668 8.67047e-05 0.00530914 1.42176e-05 -0.097431 -0.000260114 -0.0565882 -0.000151383 0.00943687 2.52306e-05 0.0715666 0.000191453 0.0514722 0.000137166 -0.00948733 -2.52306e-05 9.02202e-06 -6.65983e-19 
-0.00339053 -0.0033906 0.0210077 0.0163176 -0.00204413 0.00264636 -0.0745128 -0.0490143 -0.000151383 -0.0282946 0.00208358 0.00472678 0.000191453 0.0357839 0.0743899 0.0260345 -0.0209462 -0.0048277 0.00337248 1.8044e-05 
-0.0118557 -0.0070298 0.0667632 0.0338055 -0.000452762 0.00551289 -0.224154 -0.10148 -0.0406994 -0.0588206 0.0110584 0.00981485 0.0514722 0.0743899 0.191099 0.0537084 -0.0502359 -0.00991956 0.00700461 1.87214e-05 
-0.00244785 -0.016463 0.015167 0.0986961 -0.00147593 -0.006617 -0.0537965 -0.343816 -0.000108458 -0.0205857 0.0015042 0.0119813 0.000137166 0.0260345 0.0537084 0.327098 -0.015123 -0.0903367 0.00243492 0.0140093 
0.0028671 0.00197941 -0.0165356 -0.00951877 0.000499616 -0.00155228 0.0563286 0.0285743 0.00750169 0.0165623 -0.00245444 -0.00276361 -0.00948733 -0.0209462 -0.0502359 -0.015123 0.0134893 0.00279311 -0.00197295 -5.27482e-06 
0.000452093 0.00440091 -0.00280121 -0.0266646 0.000272604 0.00204982 0.00993576 0.093437 1.995e-05 0.00381729 -0.000277803 -0.00304455 -2.52306e-05 -0.0048277 -0.00991956 -0.0903367 0.00279311 0.0251144 -0.000449715 -0.00394591 
-0.000318699 -0.000318699 0.00197584 0.00153259 -0.000193325 0.000249927 -0.0070104 -0.00460067 -7.13377e-06 -0.00266664 0.000195184 0.00044496 9.02202e-06 0.00337248 0.00700461 0.00243492 -0.00197295 -0.000449715 0.000317849 8.50305e-07 
-8.50305e-07 -0.0006374 5.27482e-06 0.0039517 -5.18972e-07 -0.000386651 -1.87214e-05 -0.0140209 5.26597e-19 -1.42675e-05 5.18972e-07 0.000390369 -6.65983e-19 1.8044e-05 1.87214e-05 0.0140093 -5.27482e-06 -0.00394591 8.50305e-07 0.0006357 
 ue[4]=1.78916e-06 J0=81 W[i]=0.0629696

Ponto de integracao No. =5
Valores das funcoes de forma no ponto de Integracao atual(PHI) :
0.217763 0.506037 0.506037 -0.253018 0.220881 -0.253018 0.0597971 -0.0321375 -0.0321375 0.0597971 
Valores das derivadas direcionais das funcoes de forma no ponto de Integracao atual(DPHI):
-2.40767 3.27113 -1.72496 -1.09038 1.90376 0.317293 0.226917 -0.178797 -0.317293 0 
-2.40767 -1.72496 3.27113 0.317293 1.90376 -1.09038 0 -0.317293 -0.178797 0.226917 
 X= 
0.911579 0.911579 
 J0= 81
 Y= 
0.911579 0.912177 
Matriz A1= 
9 -1.11022e-15 
0.00226917 9 
 J1= 81
 A= 
1 0 
0.00025213 1 
 C= 
1 0.00025213 
0.00025213 1 
 E= 
3.17849e-08 0 0.000126065 0.000126065 
 S= 
3.17849e-08 0 0.000126065 0.000126065 
 CC= 
1 0 0 0 
0 1 0 0 
0 0 0.5 0.5 
0 0 0.5 0.5 
 fint= -3.37333e-05 -3.37333e-05 -2.41504e-05 4.58134e-05 4.58134e-05 -2.41504e-05 4.44055e-06 -1.5272e-05 2.66732e-05 2.66732e-05 -1.5272e-05 4.44055e-06 8.01393e-10 3.17849e-06 -4.44504e-06 -2.50558e-06 -2.50558e-06 -4.44504e-06 3.17849e-06 8.01393e-10 
 h= 
0.107368 0.0358102 -0.0716012 -0.0486341 0.00265152 0.0256373 0.0276979 0.0162123 -0.0848962 -0.0283154 0.00677691 -0.00471396 -0.00674581 -0.00337418 0.0100322 0.00265984 0.0120905 0.00471871 -0.00337333 -8.50305e-07 
0.0358102 0.107386 0.0256186 0.00264572 -0.0486153 -0.071607 -0.00470868 0.00677981 -0.0283154 -0.0849105 0.016207 0.0277008 -1.70061e-06 -0.00337418 0.00471819 0.0120924 0.00266036 0.010034 -0.00337333 -0.00674666 
-0.0716012 0.0256186 0.150452 -0.0347928 -0.104471 0.0183409 -0.047408 0.0115983 0.0566155 -0.0202568 0.0244175 -0.00337236 0.00916329 -0.00241389 -0.00384323 0.00190285 -0.0109099 0.00337576 -0.00241504 -6.09197e-07 
-0.0486341 0.00264572 -0.0347928 0.102751 0.0660248 -0.10445 0.00639488 -0.028765 0.0384553 -0.00209199 -0.0220109 0.0296145 2.3105e-06 0.00458073 -0.0064078 0.00314445 -0.00361306 -0.00259931 0.00458134 -0.00483008 
0.00265152 -0.0486153 -0.104471 0.0660248 0.102768 -0.0348048 0.0296209 -0.0220096 -0.00209658 0.0384405 -0.0287695 0.00639958 -0.00483124 0.00458073 -0.00259925 -0.00361096 0.00314559 -0.00640604 0.00458134 1.15525e-06 
0.0256373 -0.071607 0.0183409 -0.10445 -0.0348048 0.150434 -0.00337104 0.0244111 -0.0202716 0.0566201 0.011603 -0.0474035 -1.21839e-06 -0.00241389 0.00337786 -0.01091 0.00190461 -0.00384437 -0.00241504 0.00916268 
0.0276979 -0.00470868 -0.047408 0.00639488 0.0296209 -0.00337104 0.0152984 -0.00213175 -0.0219009 0.00372319 -0.00640483 0.000619836 -0.00305452 0.00044367 0.00178587 -0.000349743 0.00392118 -0.000620463 0.000444055 1.12057e-07 
0.0162123 0.00677981 0.0115983 -0.028765 -0.0220096 0.0244111 -0.00213175 0.00857976 -0.0128192 -0.00536084 0.0073374 -0.00640282 -7.70166e-07 -0.00152709 0.00213606 -3.85668e-05 0.00120442 0.00143552 -0.0015272 0.000888111 
-0.0848962 -0.0283154 0.0566155 0.0384553 -0.00209658 -0.0202716 -0.0219009 -0.0128192 0.067128 0.0223892 -0.00535855 0.00372736 0.00533396 0.00266799 -0.00793249 -0.00210316 -0.00956004 -0.00373112 0.00266732 6.72342e-07 
-0.0283154 -0.0849105 -0.0202568 -0.00209199 0.0384405 0.0566201 0.00372319 -0.00536084 0.0223892 0.0671393 -0.012815 -0.0219032 1.34468e-06 0.00266799 -0.00373071 -0.00956151 -0.00210357 -0.00793396 0.00266732 0.00533463 
0.00677691 0.016207 0.0244175 -0.0220109 -0.0287695 0.011603 -0.00640483 0.0073374 -0.00535855 -0.012815 0.00858084 -0.00213345 0.000888496 -0.00152709 0.00143537 0.0012038 -3.90172e-05 0.0021356 -0.0015272 -3.85083e-07 
-0.00471396 0.0277008 -0.00337236 0.0296145 0.00639958 -0.0474035 0.000619836 -0.00640282 0.00372736 -0.0219032 -0.00213345 0.0152973 2.24114e-07 0.00044367 -0.000621089 0.00392132 -0.000350203 0.00178632 0.000444055 -0.00305441 
-0.00674581 -1.70061e-06 0.00916329 2.3105e-06 -0.00483124 -1.21839e-06 -0.00305452 -7.70166e-07 0.00533396 1.34468e-06 0.000888496 2.24114e-07 0.000635697 1.60279e-07 -0.000501004 -1.2629e-07 -0.000888944 -2.24114e-07 8.01393e-08 1.38402e-23 
-0.00337418 -0.00337418 -0.00241389 0.00458073 0.00458073 -0.00241389 0.00044367 -0.00152709 0.00266799 0.00266799 -0.00152709 0.00044367 1.60279e-07 0.000317849 -0.000444567 -0.00025067 -0.00025067 -0.000444567 0.000317849 1.60279e-07 
0.0100322 0.00471819 -0.00384323 -0.0064078 -0.00259925 0.00337786 0.00178587 0.00213606 -0.00793249 -0.00373071 0.00143537 -0.000621089 -0.000501004 -0.000444567 0.0010163 0.000350449 0.00105079 0.000621716 -0.000444504 -1.12057e-07 
0.00265984 0.0120924 0.00190285 0.00314445 -0.00361096 -0.01091 -0.000349743 -3.85668e-05 -0.00210316 -0.00956151 0.0012038 0.00392132 -1.2629e-07 -0.00025067 0.000350449 0.00144059 0.000197601 0.00105099 -0.000250558 -0.000889007 
0.0120905 0.00266036 -0.0109099 -0.00361306 0.00314559 0.00190461 0.00392118 0.00120442 -0.00956004 -0.00210357 -3.90172e-05 -0.000350203 -0.000888944 -0.00025067 0.00105079 0.000197601 0.00144042 0.000350556 -0.000250558 -6.3145e-08 
0.00471871 0.010034 0.00337576 -0.00259931 -0.00640604 -0.00384437 -0.000620463 0.00143552 -0.00373112 -0.00793396 0.0021356 0.00178632 -2.24114e-07 -0.000444567 0.000621716 0.00105099 0.000350556 0.00101648 -0.000444504 -0.000501116 
-0.00337333 -0.00337333 -0.00241504 0.00458134 0.00458134 -0.00241504 0.000444055 -0.0015272 0.00266732 0.00266732 -0.0015272 0.000444055 8.01393e-08 0.000317849 -0.000444504 -0.000250558 -0.000250558 -0.000444504 0.000317849 8.01393e-08 
-8.50305e-07 -0.00674666 -6.09197e-07 -0.00483008 1.15525e-06 0.00916268 1.12057e-07 0.000888111 6.72342e-07 0.00533463 -3.85083e-07 -0.00305441 1.38402e-23 1.60279e-07 -1.12057e-07 -0.000889007 -6.3145e-08 -0.000501116 8.01393e-08 0.000635697 
 ue[5]=1.58924e-08 J0=81 W[i]=0.0629696

Ponto de integracao No. =6
Valores das funcoes de forma no ponto de Integracao atual(PHI) :
0.0597971 -0.0321375 -0.253018 -0.0321375 0.220881 0.506037 0.0597971 -0.253018 0.506037 0.217763 
Valores das derivadas direcionais das funcoes de forma no ponto de Integracao atual(DPHI):
-0.226917 -0.138496 1.40767 0.138496 0 -4.99609 0.226917 -1.40767 4.99609 0 
-0.226917 0.178797 1.09038 0.317293 -1.90376 -3.27113 0 -0.317293 1.72496 2.40767 
 X= 
0.911579 7.17684 
 J0= 81
 Y= 
0.911579 7.17744 
Matriz A1= 
9 6.21725e-15 
0.00226917 9 
 J1= 81
 A= 
1 -9.86076e-32 
0.00025213 1 
 C= 
1 0.00025213 
0.00025213 1 
 E= 
3.17849e-08 0 0.000126065 0.000126065 
 S= 
3.17849e-08 0 0.000126065 0.000126065 
 CC= 
1 0 0 0 
0 1 0 0 
0 0 0.5 0.5 
0 0 0.5 0.5 
 fint= -3.17929e-06 -3.17929e-06 2.50397e-06 -1.93931e-06 1.52781e-05 1.97214e-05 4.44489e-06 1.94107e-06 -2.66664e-05 -6.72342e-09 -4.58371e-05 -6.9993e-05 8.01393e-10 3.17849e-06 -4.44938e-06 -1.97187e-05 2.41796e-05 6.99876e-05 3.37248e-05 8.50305e-09 
 h= 
0.000953706 0.000318089 0.000137529 0.000194029 -0.00547171 -0.00197314 -0.000832591 -0.000194204 0.00266732 6.72342e-07 0.0185812 0.00700283 -0.000635777 -0.000318009 0.00438856 0.00197286 -0.0164149 -0.00700228 -0.00337333 -8.50305e-07 
0.000318089 0.000953867 -0.000250411 -0.000306926 -0.0015287 -0.00502815 -0.00044465 -0.0010832 0.00266732 0.00533463 0.00458663 0.0161679 -1.60279e-07 -0.000318009 0.000445547 0.00286186 -0.00242034 -0.0118353 -0.00337333 -0.00674666 
0.000137529 -0.000250411 0.000434063 -0.000152747 -0.00120328 0.00155332 0.000113359 0.000152885 -0.00210075 -5.29766e-07 0.00493146 -0.00551288 -0.000387926 0.000250348 0.00205635 -0.00155311 -0.00663761 0.00551245 0.0026568 6.6999e-07 
0.000194029 -0.000306926 -0.000152747 0.000512921 -0.00093248 0.00120375 -0.00027123 0.000581924 0.00162702 -0.00420149 0.00279777 -0.00295076 -9.78239e-08 -0.000193868 0.000271777 0.000502403 -0.00147637 -0.000461546 -0.00205768 0.00531359 
-0.00547171 -0.0015287 -0.00120328 -0.00093248 0.0318072 0.00948264 0.00454341 0.000933322 -0.0128178 -3.23072e-06 -0.108858 -0.0336547 0.0039439 0.00152831 -0.0266021 -0.00948133 0.0984477 0.0336521 0.0162106 4.08586e-06 
-0.00197314 -0.00502815 0.00155332 0.00120375 0.00948264 0.0269193 0.00275821 0.00547652 -0.0165456 -0.0256357 -0.0284513 -0.087478 9.9428e-07 0.00197253 -0.00276377 -0.0165091 0.0150136 0.0666576 0.0209251 0.0324212 
-0.000832591 -0.00044465 0.000113359 -0.00027123 0.00454341 0.00275821 0.000858392 0.000271475 -0.00372912 -9.4012e-07 -0.0149525 -0.00978912 0.000388101 0.000444538 -0.00302908 -0.00275783 0.0119238 0.00978835 0.00471618 1.18896e-06 
-0.000194204 -0.0010832 0.000152885 0.000581924 0.000933322 0.00547652 0.000271475 0.00136158 -0.00162849 -0.00745823 -0.0028003 -0.0170912 9.78239e-08 0.000194219 -0.000272022 -0.00244786 0.0014777 0.0110339 0.00205954 0.00943237 
0.00266732 0.00266732 -0.00210075 0.00162702 -0.0128178 -0.0165456 -0.00372912 -0.00162849 0.0223722 5.64072e-06 0.0384558 0.0587218 -6.72342e-07 -0.00266664 0.00373288 0.0165433 -0.0202859 -0.0587172 -0.028294 -7.13377e-06 
6.72342e-07 0.00533463 -5.29766e-07 -0.00420149 -3.23072e-06 -0.0256357 -9.4012e-07 -0.00745823 5.64072e-06 0.0447445 9.69215e-06 0.0769116 9.49484e-20 -1.34468e-06 9.4012e-07 0.00746576 -5.11096e-06 -0.0405718 -7.13377e-06 -0.056588 
0.0185812 0.00458663 0.00493146 0.00279777 -0.108858 -0.0284513 -0.0149525 -0.0028003 0.0384558 9.69215e-06 0.374262 0.100976 -0.0139974 -0.00458548 0.0932417 0.0284474 -0.343029 -0.100968 -0.0486347 -1.22576e-05 
0.00700283 0.0161679 -0.00551288 -0.00295076 -0.0336547 -0.087478 -0.00978912 -0.0170912 0.0587218 0.0769116 0.100976 0.286284 -3.52889e-06 -0.00700046 0.00980886 0.0562456 -0.0532844 -0.223819 -0.0742649 -0.0972695 
-0.000635777 -1.60279e-07 -0.000387926 -9.78239e-08 0.0039439 9.9428e-07 0.000388101 9.78239e-08 -6.72342e-07 9.49484e-20 -0.0139974 -3.52889e-06 0.000635697 1.60279e-07 -0.00394363 -9.9428e-07 0.0139969 3.52889e-06 8.50305e-07 -1.2008e-19 
-0.000318009 -0.000318009 0.000250348 -0.000193868 0.00152831 0.00197253 0.000444538 0.000194219 -0.00266664 -1.34468e-06 -0.00458548 -0.00700046 1.60279e-07 0.000317849 -0.000445435 -0.00197198 0.00241973 0.00699937 0.00337248 1.70061e-06 
0.00438856 0.000445547 0.00205635 0.000271777 -0.0266021 -0.00276377 -0.00302908 -0.000272022 0.00373288 9.4012e-07 0.0932417 0.00980886 -0.00394363 -0.000445435 0.0250862 0.00276339 -0.09021 -0.00980809 -0.00472094 -1.18896e-06 
0.00197286 0.00286186 -0.00155311 0.000502403 -0.00948133 -0.0165091 -0.00275783 -0.00244786 0.0165433 0.00746576 0.0284474 0.0562456 -9.9428e-07 -0.00197198 0.00276339 0.0134774 -0.0150115 -0.0501821 -0.0209222 -0.00944188 
-0.0164149 -0.00242034 -0.00663761 -0.00147637 0.0984477 0.0150136 0.0119238 0.0014777 -0.0202859 -5.11096e-06 -0.343029 -0.0532844 0.0139969 0.00241973 -0.09021 -0.0150115 0.326554 0.0532803 0.0256554 6.46378e-06 
-0.00700228 -0.0118353 0.00551245 -0.000461546 0.0336521 0.0666576 0.00978835 0.0110339 -0.0587172 -0.0405718 -0.100968 -0.223819 3.52889e-06 0.00699937 -0.00980809 -0.0501821 0.0532803 0.190868 0.0742591 0.0513108 
-0.00337333 -0.00337333 0.0026568 -0.00205768 0.0162106 0.0209251 0.00471618 0.00205954 -0.028294 -7.13377e-06 -0.0486347 -0.0742649 8.50305e-07 0.00337248 -0.00472094 -0.0209222 0.0256554 0.0742591 0.0357832 9.02202e-06 
-8.50305e-07 -0.00674666 6.6999e-07 0.00531359 4.08586e-06 0.0324212 1.18896e-06 0.00943237 -7.13377e-06 -0.056588 -1.22576e-05 -0.0972695 -1.2008e-19 1.70061e-06 -1.18896e-06 -0.00944188 6.46378e-06 0.0513108 9.02202e-06 0.0715663 
 ue[6]=1.58924e-08 J0=81 W[i]=0.0629696

 Ue= 1.0625e-05
 Fint= 
-0.000437912 -0.000437913 0.00150203 0.00169 -2.27466e-07 -0.000188188 -0.00356897 -0.00338516 -3.44388e-06 -1.00036e-08 4.6131e-07 -0.00018681 4.85048e-06 0.00212501 0.00356617 0.000197647 -0.00150046 0.000185009 0.0004375 4.11706e-07 
 H= 
0.637582 0.212624 -0.656254 -0.33755 -0.300008 0.0187821 0.356384 0.16893 -6.8769e-05 -6.88776e-05 0.206254 0.0187419 -0.0875413 -0.0438323 -0.0563778 -0.0189177 -0.0562113 -0.0186996 -0.0437586 -8.64512e-06 
0.212624 0.637665 0.0187 -0.300008 -0.337468 -0.656266 0.0189296 0.206518 -6.88776e-05 -0.000137428 0.168742 0.356257 -8.23413e-05 -0.0438327 -0.0189177 -0.056506 -0.0186996 -0.0561725 -0.0437586 -0.0875173 
-0.656254 0.0187 2.53103 0.421898 -4.39418e-05 0.421462 -1.5194 -0.591607 -1.01249 -0.506101 0.000105303 -0.0842372 0.33775 0.150406 0.169472 0.0853718 0.168559 0.0840804 -0.0187347 2.69983e-05 
-0.33755 -0.300008 0.421898 2.53082 0.421462 -8.78204e-05 -0.0853565 -1.0138 -0.506101 -2.02498 -0.0842372 0.000210682 0.000405612 0.16925 0.0853718 0.338945 0.0840804 0.337117 2.69983e-05 -0.0374693 
-0.300008 -0.337468 -4.39418e-05 0.421462 2.53145 0.422518 5.34465e-05 -0.0840306 -2.02513 -0.506916 -1.01265 -0.0844841 -0.0375688 -4.54932e-05 0.337653 0.0845778 0.337464 0.0843712 0.168777 1.53061e-05 
0.0187821 -0.656266 0.421462 -8.78204e-05 0.422518 2.53164 -0.0840306 0.000106916 -0.506916 -1.01275 -0.590734 -1.51904 -4.54932e-05 -0.0188875 0.0845778 0.169056 0.0843712 0.168677 0.150015 0.337554 
0.356384 0.0189296 -1.5194 -0.0853565 5.34465e-05 -0.0840306 2.53403 0.425531 0.000609759 0.507008 -0.000291039 -0.0846161 -0.676016 -0.357543 -0.845842 -0.424999 0.169265 0.0851652 -0.0187978 -8.77976e-05 
0.16893 0.206518 -0.591607 -1.0138 -0.0840306 0.000106916 0.425531 2.53682 0.507008 0.00122086 -0.0846161 -0.00058245 -0.00129337 -0.339533 -0.424999 -1.69169 0.0851652 0.338532 -8.77976e-05 -0.0375959 
-6.8769e-05 -6.88776e-05 -1.01249 -0.506101 -2.02513 -0.506916 0.000609759 0.507008 6.07456 1.01326 0.000263859 0.505974 -1.00036e-06 -0.000688776 -2.02561 -0.506709 -1.01208 -0.505688 -6.88776e-05 -6.88776e-05 
-6.88776e-05 -0.000137428 -0.506101 -2.02498 -0.506916 -1.01275 0.507008 0.00122086 1.01326 6.07413 0.505974 0.000527544 -0.000688776 -3.00109e-06 -0.506709 -1.01372 -0.505688 -2.02415 -6.88776e-05 -0.000137754 
0.206254 0.168742 0.000105303 -0.0842372 -1.01265 -0.590734 -0.000291039 -0.0846161 0.000263859 0.505974 2.53141 0.422483 -0.037431 9.22619e-05 0.337584 0.08475 -1.68766 -0.422407 -0.337588 -4.78316e-05 
0.0187419 0.356257 -0.0842372 0.000210682 -0.0844841 -1.51904 -0.0846161 -0.00058245 0.505974 0.000527544 0.422483 2.53158 9.22619e-05 -0.0186117 0.08475 0.168919 -0.422407 -0.844076 -0.356298 -0.675176 
-0.0875413 -8.23413e-05 0.33775 0.000405612 -0.0375688 -4.54932e-05 -0.676016 -0.00129337 -1.00036e-06 -0.000688776 -0.037431 9.22619e-05 0.425001 0.000970096 0.0385147 0.000734269 0.0372509 -9.22619e-05 4.11706e-05 -4.7136e-18 
-0.0438323 -0.0438327 0.150406 0.16925 -4.54932e-05 -0.0188875 -0.357543 -0.339533 -0.000688776 -3.00109e-06 9.22619e-05 -0.0186117 0.000970096 0.212504 0.356984 0.0207804 -0.150092 0.0182516 0.04375 8.23413e-05 
-0.0563778 -0.0189177 0.169472 0.0853718 0.337653 0.0845778 -0.845842 -0.424999 -2.02561 -0.506709 0.337584 0.08475 0.0385147 0.356984 2.53265 0.424154 -0.506839 -0.0852991 0.0187919 8.77976e-05 
-0.0189177 -0.056506 0.0853718 0.338945 0.0845778 0.169056 -0.424999 -1.69169 -0.506709 -1.01372 0.08475 0.168919 0.000734269 0.0207804 0.424154 2.53406 0.420951 -0.507431 -0.149912 0.037584 
-0.0562113 -0.0186996 0.168559 0.0840804 0.337464 0.0843712 0.169265 0.0851652 -1.01208 -0.505688 -1.68766 -0.422407 0.0372509 -0.150092 -0.506839 0.420951 2.53141 0.422277 0.0188378 4.18793e-05 
-0.0186996 -0.0561725 0.0840804 0.337117 0.0843712 0.168677 0.0851652 0.338532 -0.505688 -2.02415 -0.422407 -0.844076 -9.22619e-05 0.0182516 -0.0852991 -0.507431 0.422277 2.53158 0.356292 0.0376755 
-0.0437586 -0.0437586 -0.0187347 2.69983e-05 0.168777 0.150015 -0.0187978 -8.77976e-05 -6.88776e-05 -6.88776e-05 -0.337588 -0.356298 4.11706e-05 0.04375 0.0187919 -0.149912 0.0188378 0.356292 0.2125 4.11706e-05 
-8.64512e-06 -0.0875173 2.69983e-05 -0.0374693 1.53061e-05 0.337554 -8.77976e-05 -0.0375959 -6.88776e-05 -0.000137754 -4.78316e-05 -0.675176 -4.7136e-18 8.23413e-05 8.77976e-05 0.037584 4.18793e-05 0.0376755 4.11706e-05 0.425 


 Dy = -0.00150203 -0.00169 0.00356897 0.00338516 -4.85048e-06 3.44388e-06 1.00036e-08 -0.00356617 -0.000197647 0.00150046 -0.000185009 
Iteração =X
Elemento =0
GRAU DO POLINOMIO =3
NUMERO DE NOS =10
Coordenadas Adimensionais dos Nós
0 Xsi[0][0]=0   Xsi[0][1]=0   
1 Xsi[1][0]=0.333333   Xsi[1][1]=0   
2 Xsi[2][0]=0   Xsi[2][1]=0.333333   
3 Xsi[3][0]=0.666667   Xsi[3][1]=0   
4 Xsi[4][0]=0.333333   Xsi[4][1]=0.333333   
5 Xsi[5][0]=0   Xsi[5][1]=0.666667   
6 Xsi[6][0]=1   Xsi[6][1]=0   
7 Xsi[7][0]=0.666667   Xsi[7][1]=0.333333   
8 Xsi[8][0]=0.333333   Xsi[8][1]=0.666667   
9 Xsi[9][0]=0   Xsi[9][1]=1   
Matriz dos Coeficientes das Funcoes de forma
1 0 0 0 0 0 0 0 0 0 
-5.5 9 0 -4.5 0 0 1 0 0 0 
-5.5 0 9 0 0 -4.5 0 0 0 1 
9 -22.5 0 18 0 0 -4.5 0 0 0 
18 -22.5 -22.5 4.5 27 4.5 0 -4.5 -4.5 0 
9 0 -22.5 0 0 18 0 0 0 -4.5 
-4.5 13.5 0 -13.5 0 0 4.5 0 0 0 
-13.5 27 13.5 -13.5 -27 0 0 13.5 0 0 
-13.5 13.5 27 0 -27 -13.5 0 0 13.5 0 
-4.5 0 13.5 0 0 -13.5 0 0 0 4.5 
Matriz dos Coeficientes das Derivadas direcionais das Funcoes de forma
C'0
-5.5 9 0 -4.5 0 0 1 0 0 0 
18 -45 0 36 0 0 -9 0 0 0 
18 -22.5 -22.5 4.5 27 4.5 0 -4.5 -4.5 0 
-13.5 40.5 0 -40.5 0 0 13.5 0 0 0 
-27 54 27 -27 -54 0 0 27 0 0 
-13.5 13.5 27 0 -27 -13.5 0 0 13.5 0 
C'1
-5.5 0 9 0 0 -4.5 0 0 0 1 
18 -22.5 -22.5 4.5 27 4.5 0 -4.5 -4.5 0 
18 0 -45 0 0 36 0 0 0 -9 
-13.5 27 13.5 -13.5 -27 0 0 13.5 0 0 
-27 27 54 0 -54 -27 0 0 27 0 
-13.5 0 40.5 0 0 -40.5 0 0 0 13.5 

Ponto de integracao No. =0
Valores das funcoes de forma no ponto de Integracao atual(PHI) :
0 0 0 0 1 0 0 0 0 0 
Valores das derivadas direcionais das funcoes de forma no ponto de Integracao atual(DPHI):
0.5 -1.5 -1.5 1.5 0 0 -0.5 1.5 0 0 
0.5 -1.5 -1.5 0 0 1.5 0 0 1.5 -0.5 
 X= 
3 3 
 J0= 81
 Y= 
3 3 
Matriz A1= 
9.00226 0.00450373 
0.00231626 9.00226 
 J1= 81.0406
 A= 
1.00025 0.000500415 
0.000257362 1.00025 
 C= 
1.0005 0.000757967 
0.000757967 1.0005 
 E= 
0.000251138 0.000250988 0.000378983 0.000378983 
 S= 
0.000251138 0.000250988 0.000378983 0.000378983 
 CC= 
1 0 0 0 
0 1 0 0 
0 0 0.5 0.5 
0 0 0.5 0.5 
 fint= 3.50331e-05 3.50162e-05 -0.000105099 -0.000105049 -0.000105099 -0.000105049 4.18985e-05 6.31905e-05 0 0 6.32007e-05 4.1858e-05 -1.39662e-05 -2.10635e-05 4.18985e-05 6.31905e-05 6.32007e-05 4.1858e-05 -2.10669e-05 -1.39527e-05 
 h= 
0.00463739 0.00154749 -0.0139122 -0.00464248 -0.0139122 -0.00464248 0.00927206 0.00463665 0 0 0.00464011 5.82702e-06 -0.00309069 -0.00154555 0.00927206 0.00463665 0.00464011 5.82702e-06 -0.0015467 -1.94234e-06 
0.00154749 0.00463664 -0.00464248 -0.0139099 -0.00464248 -0.0139099 4.70149e-06 0.00463898 0 0 0.00463778 0.00927093 -1.56716e-06 -0.00154633 4.70149e-06 0.00463898 0.00463778 0.00927093 -0.00154593 -0.00309031 
-0.0139122 -0.00464248 0.0417365 0.0139274 0.0417365 0.0139274 -0.0278162 -0.01391 0 0 -0.0139203 -1.74811e-05 0.00927206 0.00463665 -0.0278162 -0.01391 -0.0139203 -1.74811e-05 0.00464011 5.82702e-06 
-0.00464248 -0.0139099 0.0139274 0.0417297 0.0139274 0.0417297 -1.41045e-05 -0.0139169 0 0 -0.0139133 -0.0278128 4.70149e-06 0.00463898 -1.41045e-05 -0.0139169 -0.0139133 -0.0278128 0.00463778 0.00927093 
-0.0139122 -0.00464248 0.0417365 0.0139274 0.0417365 0.0139274 -0.0278162 -0.01391 0 0 -0.0139203 -1.74811e-05 0.00927206 0.00463665 -0.0278162 -0.01391 -0.0139203 -1.74811e-05 0.00464011 5.82702e-06 
-0.00464248 -0.0139099 0.0139274 0.0417297 0.0139274 0.0417297 -1.41045e-05 -0.0139169 0 0 -0.0139133 -0.0278128 4.70149e-06 0.00463898 -1.41045e-05 -0.0139169 -0.0139133 -0.0278128 0.00463778 0.00927093 
0.00927206 4.70149e-06 -0.0278162 -1.41045e-05 -0.0278162 -1.41045e-05 0.0277987 1.41027e-05 0 0 1.74793e-05 1.78872e-09 -0.00926624 -4.70089e-06 0.0277987 1.41027e-05 1.74793e-05 1.78872e-09 -5.82642e-06 -5.96239e-10 
0.00463665 0.00463898 -0.01391 -0.0139169 -0.01391 -0.0139169 1.41027e-05 0.0139028 0 0 0.0138959 1.41027e-05 -4.70089e-06 -0.00463428 1.41027e-05 0.0139028 0.0138959 1.41027e-05 -0.00463195 -4.70089e-06 
0 0 0 0 0 0 0 0 0 0 0 0 0 0 0 0 0 0 0 0 
0 0 0 0 0 0 0 0 0 0 0 0 0 0 0 0 0 0 0 0 
0.00464011 0.00463778 -0.0139203 -0.0139133 -0.0139203 -0.0139133 1.74793e-05 0.0138959 0 0 0.0139028 1.74793e-05 -5.82642e-06 -0.00463195 1.74793e-05 0.0138959 0.0139028 1.74793e-05 -0.00463428 -5.82642e-06 
5.82702e-06 0.00927093 -1.74811e-05 -0.0278128 -1.74811e-05 -0.0278128 1.78872e-09 1.41027e-05 0 0 1.74793e-05 0.0277987 -5.96239e-10 -4.70089e-06 1.78872e-09 1.41027e-05 1.74793e-05 0.0277987 -5.82642e-06 -0.00926623 
-0.00309069 -1.56716e-06 0.00927206 4.70149e-06 0.00927206 4.70149e-06 -0.00926624 -4.70089e-06 0 0 -5.82642e-06 -5.96239e-10 0.00308875 1.56696e-06 -0.00926624 -4.70089e-06 -5.82642e-06 -5.96239e-10 1.94214e-06 1.98746e-10 
-0.00154555 -0.00154633 0.00463665 0.00463898 0.00463665 0.00463898 -4.70089e-06 -0.00463428 0 0 -0.00463195 -4.70089e-06 1.56696e-06 0.00154476 -4.70089e-06 -0.00463428 -0.00463195 -4.70089e-06 0.00154398 1.56696e-06 
0.00927206 4.70149e-06 -0.0278162 -1.41045e-05 -0.0278162 -1.41045e-05 0.0277987 1.41027e-05 0 0 1.74793e-05 1.78872e-09 -0.00926624 -4.70089e-06 0.0277987 1.41027e-05 1.74793e-05 1.78872e-09 -5.82642e-06 -5.96239e-10 
0.00463665 0.00463898 -0.01391 -0.0139169 -0.01391 -0.0139169 1.41027e-05 0.0139028 0 0 0.0138959 1.41027e-05 -4.70089e-06 -0.00463428 1.41027e-05 0.0139028 0.0138959 1.41027e-05 -0.00463195 -4.70089e-06 
0.00464011 0.00463778 -0.0139203 -0.0139133 -0.0139203 -0.0139133 1.74793e-05 0.0138959 0 0 0.0139028 1.74793e-05 -5.82642e-06 -0.00463195 1.74793e-05 0.0138959 0.0139028 1.74793e-05 -0.00463428 -5.82642e-06 
5.82702e-06 0.00927093 -1.74811e-05 -0.0278128 -1.74811e-05 -0.0278128 1.78872e-09 1.41027e-05 0 0 1.74793e-05 0.0277987 -5.96239e-10 -4.70089e-06 1.78872e-09 1.41027e-05 1.74793e-05 0.0277987 -5.82642e-06 -0.00926623 
-0.0015467 -0.00154593 0.00464011 0.00463778 0.00464011 0.00463778 -5.82642e-06 -0.00463195 0 0 -0.00463428 -5.82642e-06 1.94214e-06 0.00154398 -5.82642e-06 -0.00463195 -0.00463428 -5.82642e-06 0.00154476 1.94214e-06 
-1.94234e-06 -0.00309031 5.82702e-06 0.00927093 5.82702e-06 0.00927093 -5.96239e-10 -4.70089e-06 0 0 -5.82642e-06 -0.00926623 1.98746e-10 1.56696e-06 -5.96239e-10 -4.70089e-06 -5.82642e-06 -0.00926623 1.94214e-06 0.00308874 
 ue[0]=2.06661e-07 J0=81 W[i]=0.1125

Ponto de integracao No. =1
Valores das funcoes de forma no ponto de Integracao atual(PHI) :
-0.0568817 0.0518521 0.408231 -0.103704 0.356379 0.408231 0.0446272 -0.103704 0.0518521 -0.0568817 
Valores das derivadas direcionais das funcoes de forma no ponto de Integracao atual(DPHI):
0.247326 0.379012 -3.85227 -1.13704 5.20988 -0.868314 0.510698 -1.35762 0.868314 0 
0.247326 -0.489302 -2.98395 0.220581 0 2.98395 0 -0.220581 0.489302 -0.247326 
 X= 
0.537443 4.23128 
 J0= 81
 Y= 
0.537443 4.2313 
Matriz A1= 
9.00153 0.003043 
0.000725145 9.00153 
 J1= 81.0275
 A= 
1.00017 0.000338111 
8.05717e-05 1.00017 
 C= 
1.00034 0.000418754 
0.000418754 1.00034 
 E= 
0.000170295 0.000169704 0.000209377 0.000209377 
 S= 
0.000170295 0.000169704 0.000209377 0.000209377 
 CC= 
1 0 0 0 
0 1 0 0 
0 0 0.5 0.5 
0 0 0.5 0.5 
 fint= 1.04389e-05 1.042e-05 -4.21247e-06 -4.0931e-07 -0.000142384 -0.000145921 -1.63934e-05 -2.22979e-05 9.86377e-05 0.000121232 5.30102e-05 3.60752e-05 9.66895e-06 1.18837e-05 -3.08374e-05 -3.57515e-05 2.78278e-05 2.9434e-05 -5.75636e-06 -4.66482e-06 
 h= 
0.00113399 0.000378195 0.000410213 0.000578558 -0.0163351 -0.00588964 -0.00313767 -0.00173711 0.015922 0.00796061 0.00190848 -0.00132332 0.00156075 0.000780337 -0.00448628 -0.00207467 0.00340176 0.00132733 -0.000378135 -2.85818e-07 
0.000378195 0.00113379 -0.000747548 -0.000915849 -0.00456354 -0.0150063 0.000336263 -0.00106393 3.97192e-06 0.00796331 0.00455994 0.0077909 3.89347e-07 0.000780602 -0.000338165 -0.00274915 0.000748499 0.00282239 -0.000378006 -0.000755757 
0.000410213 -0.000747548 0.00325151 -0.00114359 -0.00901224 0.0116416 -0.00598679 0.00343362 0.0243784 -0.0157351 -0.0130766 0.0026157 0.00238969 -0.00154243 -0.00568634 0.00410083 0.00258505 -0.00262364 0.000747088 5.65418e-07 
0.000578558 -0.000915849 -0.00114359 0.00384345 -0.00698124 0.00901805 0.000514409 -0.00399317 6.08598e-06 0.0121894 0.00697573 -0.0200626 5.96577e-07 0.00119486 -0.000517323 -0.00184346 0.00114505 -0.000925132 -0.000578269 0.00149451 
-0.0163351 -0.00456354 -0.00901224 -0.00698124 0.238411 0.0710682 0.0500499 0.0209611 -0.247975 -0.0960577 -0.0137247 0.015968 -0.0243077 -0.00941604 0.0686883 0.0250343 -0.0503568 -0.0160164 0.00456315 3.4484e-06 
-0.00588964 -0.0150063 0.0116416 0.00901805 0.0710682 0.201719 -0.00523664 0.0189342 -6.18647e-05 -0.12402 -0.0710121 -0.089347 -6.06428e-06 -0.0121571 0.00526626 0.0404505 -0.0116564 -0.0387104 0.00588671 0.00911878 
-0.00313767 0.000336263 -0.00598679 0.000514409 0.0500499 -0.00523664 0.0162675 -0.00154451 -0.0731656 0.00707797 0.0162442 -0.00117659 -0.00717204 0.000693817 0.0187665 -0.00184464 -0.0115302 0.00118017 -0.000335676 -2.54854e-07 
-0.00173711 -0.00106393 0.00343362 -0.00399317 0.0209611 0.0189342 -0.00154451 0.00858542 -1.8259e-05 -0.0365881 -0.0209446 0.0142176 -1.78984e-06 -0.00358654 0.00155325 0.00893408 -0.00343799 -0.00476658 0.00173625 -0.000672997 
0.015922 3.97192e-06 0.0243784 6.08598e-06 -0.247975 -6.18647e-05 -0.0731656 -1.8259e-05 0.335268 8.36636e-05 -0.0558054 -1.39413e-05 0.0328646 8.20111e-06 -0.0873712 -2.18016e-05 0.05589 1.39444e-05 -6.02051e-06 -2.16682e-10 
0.00796061 0.00796331 -0.0157351 0.0121894 -0.0960577 -0.12402 0.00707797 -0.0365881 8.36636e-05 0.167663 0.0959819 -0.0278958 8.20111e-06 0.0164351 -0.00711803 -0.0436938 0.0157551 0.0279516 -0.00795664 -3.97171e-06 
0.00190848 0.00455994 -0.0130766 0.00697573 -0.0137247 -0.0710121 0.0162442 -0.0209446 -0.0558054 0.0959819 0.064289 -0.0159554 -0.00547032 0.00940861 0.0104772 -0.0250145 -0.00028408 0.0160038 -0.0045577 -3.4482e-06 
-0.00132332 0.0077909 0.0026157 -0.0200626 0.015968 -0.089347 -0.00117659 0.0142176 -1.39413e-05 -0.0278958 -0.0159554 0.114623 -1.3666e-06 -0.00273449 0.00118326 -0.00086027 -0.00261903 0.0133839 0.00132266 -0.00911518 
0.00156075 3.89347e-07 0.00238969 5.96577e-07 -0.0243077 -6.06428e-06 -0.00717204 -1.78984e-06 0.0328646 8.20111e-06 -0.00547032 -1.3666e-06 0.00322155 8.03912e-07 -0.00856455 -2.1371e-06 0.00547861 1.36689e-06 -5.90159e-07 -2.12402e-11 
0.000780337 0.000780602 -0.00154243 0.00119486 -0.00941604 -0.0121571 0.000693817 -0.00358654 8.20111e-06 0.0164351 0.00940861 -0.00273449 8.03912e-07 0.00161105 -0.000697744 -0.00428308 0.00154439 0.00273995 -0.000779948 -3.89326e-07 
-0.00448628 -0.000338165 -0.00568634 -0.000517323 0.0686883 0.00526626 0.0187665 0.00155325 -0.0873712 -0.00711803 0.0104772 0.00118326 -0.00856455 -0.000697744 0.0230696 0.00185508 -0.0152317 -0.00118684 0.000338559 2.54958e-07 
-0.00207467 -0.00274915 0.00410083 -0.00184346 0.0250343 0.0404505 -0.00184464 0.00893408 -2.18016e-05 -0.0436938 -0.0250145 -0.00086027 -2.1371e-06 -0.00428308 0.00185508 0.0119879 -0.00410605 -0.00861751 0.00207363 0.000674899 
0.00340176 0.000748499 0.00258505 0.00114505 -0.0503568 -0.0116564 -0.0115302 -0.00343799 0.05589 0.0157551 -0.00028408 -0.00261903 0.00547861 0.00154439 -0.0152317 -0.00410605 0.0107959 0.00262697 -0.000748529 -5.6547e-07 
0.00132733 0.00282239 -0.00262364 -0.000925132 -0.0160164 -0.0387104 0.00118017 -0.00476658 1.39444e-05 0.0279516 0.0160038 0.0133839 1.36689e-06 0.00273995 -0.00118684 -0.00861751 0.00262697 0.00761718 -0.00132667 -0.00149546 
-0.000378135 -0.000378006 0.000747088 -0.000578269 0.00456315 0.00588671 -0.000335676 0.00173625 -6.02051e-06 -0.00795664 -0.0045577 0.00132266 -5.90159e-07 -0.000779948 0.000338559 0.00207363 -0.000748529 -0.00132667 0.000377849 2.85808e-07 
-2.85818e-07 -0.000755757 5.65418e-07 0.00149451 3.4484e-06 0.00911878 -2.54854e-07 -0.000672997 -2.16682e-10 -3.97171e-06 -3.4482e-06 -0.00911518 -2.12402e-11 -3.89326e-07 2.54958e-07 0.000674899 -5.6547e-07 -0.00149546 2.85808e-07 0.000755568 
 ue[1]=7.27386e-08 J0=81 W[i]=0.0661971

Ponto de integracao No. =2
Valores das funcoes de forma no ponto de Integracao atual(PHI) :
0.0446272 -0.103704 -0.103704 0.0518521 0.356379 0.0518521 -0.0568817 0.408231 0.408231 -0.0568817 
Valores das derivadas direcionais das funcoes de forma no ponto de Integracao atual(DPHI):
-0.510698 1.13704 1.35762 -0.379012 -5.20988 -0.868314 -0.247326 3.85227 0.868314 0 
-0.510698 1.35762 1.13704 -0.868314 -5.20988 -0.379012 0 0.868314 3.85227 -0.247326 
 X= 
4.23128 4.23128 
 J0= 81
 Y= 
4.23078 4.2309 
Matriz A1= 
8.98449 -0.00247248 
-0.00659994 8.99388 
 J1= 80.8054
 A= 
0.998276 -0.00027472 
-0.000733327 0.99932 
 C= 
0.996556 -0.00100707 
-0.00100707 0.998641 
 E= 
-0.00172183 -0.000679522 -0.000503537 -0.000503537 
 S= 
-0.00172183 -0.000679522 -0.000503537 -0.000503537 
 CC= 
1 0 0 0 
0 1 0 0 
0 0 0.5 0.5 
0 0 0.5 0.5 
 fint= 0.000126041 6.69936e-05 -0.000292936 -0.000165791 -0.000322745 -0.000161459 0.000120859 8.66172e-05 0.0012858 0.000683434 0.000186982 7.70074e-05 4.72316e-05 1.37934e-05 -0.000784144 -0.000280322 -0.000380899 -0.000338926 1.38085e-05 1.86508e-05 
 h= 
0.00480137 0.00160122 -0.0113811 -0.00356413 -0.0120726 -0.00425751 0.00509643 0.00118636 0.0489811 0.0163349 0.0066304 0.00272446 0.00155031 0.000776454 -0.0268678 -0.0120903 -0.0175131 -0.00271043 0.000774939 -9.98718e-07 
0.00160122 0.00480996 -0.00425783 -0.0120958 -0.00356381 -0.0113999 0.00272516 0.00664572 0.0163349 0.0490688 0.00118566 0.0051021 -1.35545e-06 0.000774583 -0.00270613 -0.0175234 -0.0120946 -0.026937 0.000776811 0.00155483 
-0.0113811 -0.00425783 0.0271769 0.00947741 0.0284172 0.0113212 -0.0125228 -0.00315467 -0.116104 -0.0434362 -0.0152742 -0.00724462 -0.00345123 -0.00206468 0.0609894 0.0321494 0.0442103 0.00720734 -0.00206049 2.65501e-06 
-0.00356413 -0.0120958 0.00947741 0.0306173 0.00793261 0.028468 -0.00606588 -0.0171552 -0.0363594 -0.123395 -0.00263913 -0.0123875 3.01774e-06 -0.00172397 0.0060235 0.0413653 0.0269211 0.0704405 -0.00172909 -0.00413388 
-0.0120726 -0.00356381 0.0284172 0.00793261 0.0305548 0.00947585 -0.0123721 -0.00264046 -0.123158 -0.0363562 -0.0171139 -0.00606377 -0.00412171 -0.00172814 0.0702543 0.0269092 0.0413374 0.00603254 -0.00172492 2.22351e-06 
-0.00425751 -0.0113999 0.0113212 0.028468 0.00947585 0.0272181 -0.00724596 -0.0153078 -0.043433 -0.116296 -0.00315256 -0.0125352 3.60332e-06 -0.0020597 0.00719536 0.0442327 0.0321585 0.0611409 -0.00206547 -0.00346114 
0.00509643 0.00272516 -0.0125228 -0.00606588 -0.0123721 -0.00724596 0.00639086 0.0020191 0.0519912 0.0278007 0.00605662 0.00463681 0.0011496 0.00132146 -0.022535 -0.0205768 -0.0245733 -0.00461297 0.00131855 -1.69822e-06 
0.00118636 0.00664572 -0.00315467 -0.0171552 -0.00264046 -0.0153078 0.0020191 0.0101647 0.0121027 0.0677963 0.000878464 0.00606679 -1.00579e-06 0.000573553 -0.00200498 -0.0182192 -0.00896105 -0.0432098 0.000575549 0.0026449 
0.0489811 0.0163349 -0.116104 -0.0363594 -0.123158 -0.043433 0.0519912 0.0121027 0.499681 0.16664 0.06764 0.0277935 0.0158155 0.007921 -0.274092 -0.123339 -0.178659 -0.0276504 0.00790554 -1.01884e-05 
0.0163349 0.0490688 -0.0434362 -0.123395 -0.0363562 -0.116296 0.0278007 0.0677963 0.16664 0.500575 0.0120955 0.0520491 -1.38276e-05 0.0079019 -0.0276065 -0.178765 -0.123383 -0.274798 0.00792463 0.0158616 
0.0066304 0.00118566 -0.0152742 -0.00263913 -0.0171139 -0.00315256 0.00605662 0.000878464 0.06764 0.0120955 0.0101374 0.00201738 0.00263687 0.000574943 -0.0430869 -0.00895253 -0.0182005 -0.00200697 0.00057416 -7.41042e-07 
0.00272446 0.0051021 -0.00724462 -0.0123875 -0.00606377 -0.0125352 0.00463681 0.00606679 0.0277935 0.0520491 0.00201738 0.00639455 -2.30475e-06 0.00131828 -0.00460445 -0.0245798 -0.0205788 -0.0225809 0.00132173 0.00115261 
0.00155031 -1.35545e-06 -0.00345123 3.01774e-06 -0.00412171 3.60332e-06 0.0011496 -1.00579e-06 0.0158155 -1.38276e-05 0.00263687 -2.30475e-06 0.000751283 -6.56504e-07 -0.0117001 1.02252e-05 -0.00263008 2.30368e-06 -4.83817e-07 7.60695e-11 
0.000776454 0.000774583 -0.00206468 -0.00172397 -0.00172814 -0.0020597 0.00132146 0.000573553 0.007921 0.0079019 0.000574943 0.00131828 -6.56504e-07 0.000375779 -0.00131225 -0.00585071 -0.00586483 -0.00130906 0.000376685 -6.56974e-07 
-0.0268678 -0.00270613 0.0609894 0.0060235 0.0702543 0.00719536 -0.022535 -0.00200498 -0.274092 -0.0276065 -0.0430869 -0.00460445 -0.0117001 -0.00131225 0.186842 0.0204332 0.0615082 0.00458061 -0.00131175 1.69715e-06 
-0.0120903 -0.0175234 0.0321494 0.0413653 0.0269092 0.0442327 -0.0205768 -0.0182192 -0.123339 -0.178765 -0.00895253 -0.0245798 1.02252e-05 -0.00585071 0.0204332 0.100382 0.0913223 0.0615932 -0.00586543 -0.00263567 
-0.0175131 -0.0120946 0.0442103 0.0269211 0.0413374 0.0321585 -0.0245733 -0.00896105 -0.178659 -0.123383 -0.0182005 -0.0205788 -0.00263008 -0.00586483 0.0615082 0.0913223 0.100372 0.020473 -0.00585131 7.53439e-06 
-0.00271043 -0.026937 0.00720734 0.0704405 0.00603254 0.0611409 -0.00461297 -0.0432098 -0.0276504 -0.274798 -0.00200697 -0.0225809 2.30368e-06 -0.00130906 0.00458061 0.0615932 0.020473 0.187396 -0.00131494 -0.0117362 
0.000774939 0.000776811 -0.00206049 -0.00172909 -0.00172492 -0.00206547 0.00131855 0.000575549 0.00790554 0.00792463 0.00057416 0.00132173 -4.83817e-07 0.000376685 -0.00131175 -0.00586543 -0.00585131 -0.00131494 0.000375778 -4.83744e-07 
-9.98718e-07 0.00155483 2.65501e-06 -0.00413388 2.22351e-06 -0.00346114 -1.69822e-06 0.0026449 -1.01884e-05 0.0158616 -7.41042e-07 0.00115261 7.60695e-11 -6.56974e-07 1.69715e-06 -0.00263567 7.53439e-06 -0.0117362 -4.83744e-07 0.000753645 
 ue[2]=1.96677e-06 J0=81 W[i]=0.0661971

Ponto de integracao No. =3
Valores das funcoes de forma no ponto de Integracao atual(PHI) :
-0.0568817 0.408231 0.0518521 0.408231 0.356379 -0.103704 -0.0568817 0.0518521 -0.103704 0.0446272 
Valores das derivadas direcionais das funcoes de forma no ponto de Integracao atual(DPHI):
0.247326 -2.98395 -0.489302 2.98395 0 0.220581 -0.247326 0.489302 -0.220581 0 
0.247326 -3.85227 0.379012 -0.868314 5.20988 -1.13704 0 0.868314 -1.35762 0.510698 
 X= 
4.23128 0.537443 
 J0= 81
 Y= 
4.23178 0.537575 
Matriz A1= 
9.01306 -0.00242843 
0.0126149 9.00365 
 J1= 81.1504
 A= 
1.00145 -0.000269826 
0.00140165 1.00041 
 C= 
1.00291 0.001132 
0.001132 1.00081 
 E= 
0.0014528 0.000405734 0.000566001 0.000566001 
 S= 
0.0014528 0.000405734 0.000566001 0.000566001 
 CC= 
1 0 0 0 
0 1 0 0 
0 0 0.5 0.5 
0 0 0.5 0.5 
 fint= 5.55512e-05 2.67925e-05 -0.000724895 -0.000362485 -5.5225e-05 -1.37681e-05 0.000427649 0.000149172 0.000328056 0.000235424 -3.59424e-05 -3.74527e-05 -3.99776e-05 -1.56163e-05 0.000133767 7.01323e-05 -0.000121141 -7.52756e-05 3.21577e-05 2.30774e-05 
 h= 
0.00113812 0.000379577 -0.015063 -0.0045807 -0.000919902 -0.000749801 0.0078231 0.00457448 0.00799034 6.86771e-06 -0.00106711 0.000336742 -0.000758799 -0.000379251 0.00283291 0.000751445 -0.00275891 -0.00034003 0.000783252 6.73206e-07 
0.000379577 0.00113701 -0.00590882 -0.0163758 0.000578317 0.000408461 -0.0013177 0.0019262 0.00797557 0.0159474 -0.00173978 -0.00314159 -9.57972e-07 -0.000379954 0.00133116 0.00340959 -0.00207917 -0.00449452 0.000781804 0.00156324 
-0.015063 -0.00590882 0.202472 0.071307 0.00906173 0.011672 -0.0897272 -0.0712101 -0.124431 -0.00010698 0.0189907 -0.00524198 0.00915597 0.00590374 -0.0388524 -0.0116976 0.0405907 0.00529321 -0.0121973 -1.04867e-05 
-0.0045807 -0.0163758 0.071307 0.23896 -0.00697908 -0.00898931 0.015902 -0.0139603 -0.0962485 -0.248321 0.0209955 0.0501036 1.15573e-05 0.00458746 -0.0160643 -0.0504625 0.0250912 0.0688001 -0.00943474 -0.0243416 
-0.000919902 0.000578317 0.00906173 -0.00697908 0.00385668 -0.00114237 -0.0201346 0.00696953 0.0122207 1.05349e-05 -0.00400494 0.000513034 0.00150005 -0.000577816 -0.000930874 0.00114489 -0.00184668 -0.000518079 0.00119793 1.03268e-06 
-0.000749801 0.000408461 0.011672 -0.00898931 -0.00114237 0.00325319 0.00260288 -0.0130898 -0.0157545 0.0243677 0.00343667 -0.00598555 1.89573e-06 0.000748331 -0.00262951 0.0025808 0.00410708 -0.00568244 -0.00154434 0.00238864 
0.0078231 -0.0013177 -0.0897272 0.015902 -0.0201346 0.00260288 0.115048 -0.0158801 -0.0279458 -2.41581e-05 0.0142594 -0.00116892 -0.00914976 0.00131656 0.013444 -0.00260867 -0.000878082 0.00118048 -0.00273938 -2.36809e-06 
0.00457448 0.0019262 -0.0712101 -0.0139603 0.00696953 -0.0130898 -0.0158801 0.0644059 0.0961173 -0.0556744 -0.0209669 0.0162258 -1.156e-05 -0.00456919 0.0160424 -0.000239493 -0.025057 0.0104328 0.00942189 -0.00545747 
0.00799034 0.00797557 -0.124431 -0.0962485 0.0122207 -0.0157545 -0.0279458 0.0961173 0.168171 0.000144731 -0.0366965 0.00707541 -6.85458e-06 -0.0079687 0.0280421 0.0157892 -0.0438289 -0.00714471 0.0164849 1.41872e-05 
6.86771e-06 0.0159474 -0.00010698 -0.248321 1.05349e-05 0.0243677 -2.41581e-05 -0.0556744 0.000144731 0.335505 -3.15896e-05 -0.0732047 3.00819e-09 -2.0157e-05 2.41158e-05 0.0559575 -3.7712e-05 -0.0874456 1.41872e-05 0.0328879 
-0.00106711 -0.00173978 0.0189907 0.0209955 -0.00400494 0.00343667 0.0142594 -0.0209669 -0.0366965 -3.15896e-05 0.00861084 -0.00154342 -0.000674959 0.00173828 -0.00478077 -0.00344423 0.00896058 0.00155854 -0.00359717 -3.09656e-06 
0.000336742 -0.00314159 -0.00524198 0.0501036 0.000513034 -0.00598555 -0.00116892 0.0162258 0.00707541 -0.0732047 -0.00154342 0.0162742 -8.55164e-07 -0.000333614 0.00118093 -0.0115408 -0.00184451 0.0187785 0.000693566 -0.00717588 
-0.000758799 -9.57972e-07 0.00915597 1.15573e-05 0.00150005 1.89573e-06 -0.00914976 -1.156e-05 -6.85458e-06 3.00819e-09 -0.000674959 -8.55164e-07 0.000758474 9.58115e-07 -0.00150169 -1.89501e-06 0.000678242 8.53724e-07 -6.71919e-07 2.94878e-10 
-0.000379251 -0.000379954 0.00590374 0.00458746 -0.000577816 0.000748331 0.00131656 -0.00456919 -0.0079687 -2.0157e-05 0.00173828 -0.000333614 9.58115e-07 0.000378997 -0.00133001 -0.000753157 0.00207738 0.000343266 -0.000781131 -1.97589e-06 
0.00283291 0.00133116 -0.0388524 -0.0160643 -0.000930874 -0.00262951 0.013444 0.0160424 0.0280421 2.41158e-05 -0.00478077 0.00118093 -0.00150169 -0.00133001 0.00764458 0.00263528 -0.00864664 -0.00119247 0.00274882 2.36395e-06 
0.000751445 0.00340959 -0.0116976 -0.0504625 0.00114489 0.0025808 -0.00260867 -0.000239493 0.0157892 0.0559575 -0.00344423 -0.0115408 -1.89501e-06 -0.000753157 0.00263528 0.0108163 -0.00411611 -0.0152534 0.00154773 0.00548522 
-0.00275891 -0.00207917 0.0405907 0.0250912 -0.00184668 0.00410708 -0.000878082 -0.025057 -0.0438289 -3.7712e-05 0.00896058 -0.00184451 0.000678242 0.00207738 -0.00864664 -0.00411611 0.012026 0.00186256 -0.00429632 -3.69671e-06 
-0.00034003 -0.00449452 0.00529321 0.0688001 -0.000518079 -0.00568244 0.00118048 0.0104328 -0.00714471 -0.0874456 0.00155854 0.0187785 8.53724e-07 0.000343266 -0.00119247 -0.0152534 0.00186256 0.0230931 -0.000700359 -0.00857184 
0.000783252 0.000781804 -0.0121973 -0.00943474 0.00119793 -0.00154434 -0.00273938 0.00942189 0.0164849 1.41872e-05 -0.00359717 0.000693566 -6.71919e-07 -0.000781131 0.00274882 0.00154773 -0.00429632 -0.000700359 0.00161593 1.3907e-06 
6.73206e-07 0.00156324 -1.04867e-05 -0.0243416 1.03268e-06 0.00238864 -2.36809e-06 -0.00545747 1.41872e-05 0.0328879 -3.09656e-06 -0.00717588 2.94878e-10 -1.97589e-06 2.36395e-06 0.00548522 -3.69671e-06 -0.00857184 1.3907e-06 0.00322383 
 ue[3]=1.45798e-06 J0=81 W[i]=0.0661971

Ponto de integracao No. =4
Valores das funcoes de forma no ponto de Integracao atual(PHI) :
0.0597971 -0.253018 -0.0321375 0.506037 0.220881 -0.0321375 0.217763 0.506037 -0.253018 0.0597971 
Valores das derivadas direcionais das funcoes de forma no ponto de Integracao atual(DPHI):
-0.226917 1.09038 0.178797 -3.27113 -1.90376 0.317293 2.40767 1.72496 -0.317293 0 
-0.226917 1.40767 -0.138496 -4.99609 0 0.138496 0 4.99609 -1.40767 0.226917 
 X= 
7.17684 0.911579 
 J0= 81
 Y= 
7.17684 0.915844 
Matriz A1= 
8.98004 -0.0398743 
0.0108784 8.97998 
 J1= 80.641
 A= 
0.997782 -0.00443048 
0.00120871 0.997776 
 C= 
0.995571 -0.00321463 
-0.00321463 0.995576 
 E= 
-0.00221438 -0.00221199 -0.00160731 -0.00160731 
 S= 
-0.00221438 -0.00221199 -0.00160731 -0.00160731 
 CC= 
1 0 0 0 
0 1 0 0 
0 0 0.5 0.5 
0 0 0.5 0.5 
 fint= 9.57163e-05 9.61986e-05 -0.000516127 -0.000540129 -1.92244e-05 2.07964e-06 0.0016853 0.00181014 0.000465861 0.000339803 -0.000102172 -9.06272e-05 -0.000589171 -0.000429746 -0.00130694 -0.00153416 0.000326949 0.000402141 -4.01883e-05 -5.5696e-05 
 h= 
0.000941673 0.000313371 -0.00496203 -0.00150241 -0.000304853 -0.000250314 0.0159511 0.00449895 0.00527754 0.00264946 -0.00107039 -0.000440094 -0.00667446 -0.00335074 -0.0116649 -0.00234715 0.00281891 0.000426511 -0.00031262 2.42854e-06 
0.000313371 0.000945219 -0.00194488 -0.00542401 0.000192157 0.000137296 0.00690444 0.0184212 -5.37038e-06 0.00263764 -0.000190758 -0.000824623 6.79188e-06 -0.0033358 -0.0069088 -0.016279 0.00194706 0.00435292 -0.000314012 -0.000630828 
-0.00496203 -0.00194488 0.0265598 0.0093244 0.00119333 0.00155351 -0.0862981 -0.0279219 -0.025331 -0.0164432 0.00540754 0.00273135 0.0320359 0.0207956 0.0657251 0.0145673 -0.0162734 -0.0026471 0.00194271 -1.5063e-05 
-0.00150241 -0.00542401 0.0093244 0.0315364 -0.000921278 -0.00119934 -0.0331022 -0.107945 2.58256e-05 -0.0126668 0.000914548 0.00450011 -3.26614e-05 0.0160196 0.0331232 0.097657 -0.00933489 -0.0263927 0.00150548 0.0039142 
-0.000304853 0.000192157 0.00119333 -0.000921278 0.000511747 -0.000153478 -0.00291838 0.00275879 -0.00418686 0.00162455 0.000579285 -0.000269855 0.00529509 -0.00205455 -0.000482036 -0.00143939 0.000506879 0.000261578 -0.000194197 1.47985e-06 
-0.000250314 0.000137296 0.00155351 -0.00119934 -0.000153478 0.000431428 -0.00551503 0.00491277 4.21158e-06 -0.00208579 0.00015238 0.000112097 -5.32634e-06 0.00263788 0.00551846 -0.00660678 -0.00155522 0.00204634 0.000250816 -0.00038591 
0.0159511 0.00690444 -0.0862981 -0.0331022 -0.00291838 -0.00551503 0.282407 0.0991246 0.0759236 0.0583744 -0.0168662 -0.00969644 -0.09602 -0.0738256 -0.220744 -0.051715 0.0554669 0.00939745 -0.00690147 5.34569e-05 
0.00449895 0.0184212 -0.0279219 -0.107945 0.00275879 0.00491277 0.0991246 0.371169 -7.75253e-05 0.0379821 -0.00273859 -0.0148103 9.80456e-05 -0.0480357 -0.0991875 -0.340321 0.0279534 0.0925207 -0.00450819 -0.0138939 
0.00527754 -5.37038e-06 -0.025331 2.58256e-05 -0.00418686 4.21158e-06 0.0759236 -7.75253e-05 0.0444476 -4.49359e-05 -0.00739551 7.49803e-06 -0.0562125 5.683e-05 -0.0398249 4.103e-05 0.00728163 -7.5779e-06 2.03606e-05 1.42804e-08 
0.00264946 0.00263764 -0.0164432 -0.0126668 0.00162455 -0.00208579 0.0583744 0.0379821 -4.49359e-05 0.0221738 -0.00161284 -0.00369237 5.683e-05 -0.028043 -0.0584109 -0.0199734 0.0164615 0.00366241 -0.00265481 5.35622e-06 
-0.00107039 -0.000190758 0.00540754 0.000914548 0.000579285 0.00015238 -0.0168662 -0.00273859 -0.00739551 -0.00161284 0.00134787 0.000267901 0.00935304 0.00203974 0.0108598 0.0014287 -0.00240436 -0.000259603 0.000188891 -1.48357e-06 
-0.000440094 -0.000824623 0.00273135 0.00450011 -0.000269855 0.000112097 -0.00969644 -0.0148103 7.49803e-06 -0.00369237 0.000267901 0.000850078 -9.4827e-06 0.0046697 0.00970253 0.0118115 -0.00273439 -0.00300071 0.000440987 0.000384514 
-0.00667446 6.79188e-06 0.0320359 -3.26614e-05 0.00529509 -5.32634e-06 -0.09602 9.80456e-05 -0.0562125 5.683e-05 0.00935304 -9.4827e-06 0.0710915 -7.18725e-05 0.0503662 -5.18903e-05 -0.00920901 9.58371e-06 -2.57498e-05 -1.80603e-08 
-0.00335074 -0.0033358 0.0207956 0.0160196 -0.00205455 0.00263788 -0.0738256 -0.0480357 5.683e-05 -0.028043 0.00203974 0.0046697 -7.18725e-05 0.0354658 0.0738717 0.0252601 -0.0208187 -0.00463182 0.00335752 -6.77397e-06 
-0.0116649 -0.0069088 0.0657251 0.0331232 -0.000482036 0.00551846 -0.220744 -0.0991875 -0.0398249 -0.0584109 0.0108598 0.00970253 0.0503662 0.0738717 0.1884 0.0517483 -0.049553 -0.0094036 0.00691801 -5.34453e-05 
-0.00234715 -0.016279 0.0145673 0.097657 -0.00143939 -0.00660678 -0.051715 -0.340321 4.103e-05 -0.0199734 0.0014287 0.0118115 -5.18903e-05 0.0252601 0.0517483 0.324099 -0.0145839 -0.0895462 0.00235204 0.0138983 
0.00281891 0.00194706 -0.0162734 -0.00933489 0.000506879 -0.00155522 0.0554669 0.0279534 0.00728163 0.0164615 -0.00240436 -0.00273439 -0.00920901 -0.0208187 -0.049553 -0.0145839 0.0133164 0.00265018 -0.00195098 1.50572e-05 
0.000426511 0.00435292 -0.0026471 -0.0263927 0.000261578 0.00204634 0.00939745 0.0925207 -7.5779e-06 0.00366241 -0.000259603 -0.00300071 9.58371e-06 -0.00463182 -0.0094036 -0.0895462 0.00265018 0.0249054 -0.000427414 -0.00391638 
-0.00031262 -0.000314012 0.00194271 0.00150548 -0.000194197 0.000250816 -0.00690147 -0.00450819 2.03606e-05 -0.00265481 0.000188891 0.000440987 -2.57498e-05 0.00335752 0.00691801 0.00235204 -0.00195098 -0.000427414 0.000315047 -2.42684e-06 
2.42854e-06 -0.000630828 -1.5063e-05 0.0039142 1.47985e-06 -0.00038591 5.34569e-05 -0.0138939 1.42804e-08 5.35622e-06 -1.48357e-06 0.000384514 -1.80603e-08 -6.77397e-06 -5.34453e-05 0.0138983 1.50572e-05 -0.00391638 -2.42684e-06 0.000631467 
 ue[4]=7.48166e-06 J0=81 W[i]=0.0629696

Ponto de integracao No. =5
Valores das funcoes de forma no ponto de Integracao atual(PHI) :
0.217763 0.506037 0.506037 -0.253018 0.220881 -0.253018 0.0597971 -0.0321375 -0.0321375 0.0597971 
Valores das derivadas direcionais das funcoes de forma no ponto de Integracao atual(DPHI):
-2.40767 3.27113 -1.72496 -1.09038 1.90376 0.317293 0.226917 -0.178797 -0.317293 0 
-2.40767 -1.72496 3.27113 0.317293 1.90376 -1.09038 0 -0.317293 -0.178797 0.226917 
 X= 
0.911579 0.911579 
 J0= 81
 Y= 
0.909982 0.910477 
Matriz A1= 
8.99136 0.00459315 
-0.00685605 9.00409 
 J1= 80.959
 A= 
0.99904 0.00051035 
-0.000761783 1.00045 
 C= 
0.998082 -0.000252269 
-0.000252269 1.00091 
 E= 
-0.00095901 0.000454131 -0.000126134 -0.000126134 
 S= 
-0.00095901 0.000454131 -0.000126134 -0.000126134 
 CC= 
1 0 0 0 
0 1 0 0 
0 0 0.5 0.5 
0 0 0.5 0.5 
 fint= 0.000289973 -8.80062e-05 -0.000324142 -0.000132698 0.000137926 0.000189214 0.000111649 3.12209e-05 -0.000229284 6.95871e-05 -1.85408e-05 -5.9479e-05 -2.4158e-05 -3.16326e-06 2.34695e-05 -1.35285e-05 3.62784e-05 -4.60483e-06 -3.17134e-06 1.14576e-05 
 h= 
0.107126 0.0357381 -0.0713474 -0.0485356 0.00255295 0.0255851 0.0276095 0.0161795 -0.0847051 -0.0282584 0.00678775 -0.0047043 -0.00672642 -0.00336736 0.0100121 0.00265451 0.0120607 0.0047092 -0.00336994 -8.7591e-07 
0.0357381 0.107338 0.0256796 0.00279953 -0.04863 -0.0717304 -0.0047309 0.00673316 -0.0282584 -0.0848731 0.0162061 0.0277323 3.41265e-06 -0.00336566 0.00471181 0.0120913 0.00265189 0.0100253 -0.00337165 -0.00675073 
-0.0713474 0.0256796 0.150053 -0.0348751 -0.104235 0.0183841 -0.0472778 0.0116257 0.0564149 -0.020305 0.0243688 -0.00338026 0.00913691 -0.00241961 -0.00382589 0.00190739 -0.010875 0.00338378 -0.00241258 -6.30262e-07 
-0.0485356 0.00279953 -0.0348751 0.10284 0.0660438 -0.104638 0.00642498 -0.0287793 0.0383774 -0.00221361 -0.0220093 0.0296782 -4.63381e-06 0.00457978 -0.00639906 0.00316414 -0.0036015 -0.00258731 0.004579 -0.00484363 
0.00255295 -0.04863 -0.104235 0.0660438 0.102595 -0.0348145 0.0295475 -0.022016 -0.00201864 0.0384521 -0.0287277 0.00640128 -0.00481731 0.00458207 -0.00260374 -0.00361207 0.00312977 -0.00640795 0.0045767 1.19276e-06 
0.0255851 -0.0717304 0.0183841 -0.104638 -0.0348145 0.150702 -0.00338687 0.0244554 -0.0202303 0.0567177 0.011602 -0.0474874 2.44226e-06 -0.00241841 0.00337321 -0.010929 0.0018985 -0.00385077 -0.00241378 0.00917883 
0.0276095 -0.0047309 -0.0472778 0.00642498 0.0295475 -0.00338687 0.0152555 -0.00214179 -0.021831 0.00374076 -0.00639034 0.000622738 -0.00304573 0.00044576 0.00177958 -0.000351395 0.00390924 -0.000623388 0.000443598 1.16198e-07 
0.0161795 0.00673316 0.0116257 -0.0287793 -0.022016 0.0244554 -0.00214179 0.00858054 -0.0127933 -0.00532395 0.0073369 -0.00641857 1.54474e-06 -0.00152623 0.00213315 -4.41859e-05 0.00120057 0.00143153 -0.00152643 0.000891641 
-0.0847051 -0.0282584 0.0564149 0.0383774 -0.00201864 -0.0202303 -0.021831 -0.0127933 0.0669769 0.0223441 -0.00536712 0.00371972 0.00531863 0.0026626 -0.00791667 -0.00209894 -0.00953649 -0.00372359 0.00266464 6.92588e-07 
-0.0282584 -0.0848731 -0.020305 -0.00221361 0.0384521 0.0567177 0.00374076 -0.00532395 0.0223441 0.0671097 -0.0128143 -0.0219281 -2.69841e-06 0.00266125 -0.00372566 -0.0095607 -0.00209687 -0.00792707 0.00266599 0.00533785 
0.00678775 0.0162061 0.0243688 -0.0220093 -0.0287277 0.011602 -0.00639034 0.0073369 -0.00536712 -0.0128143 0.00856983 -0.00213325 0.00088593 -0.00152699 0.00143523 0.00120374 -3.66462e-05 0.00213547 -0.00152566 -3.97445e-07 
-0.0047043 0.0277323 -0.00338026 0.0296782 0.00640128 -0.0474874 0.000622738 -0.00641857 0.00371972 -0.0219281 -0.00213325 0.0153232 -4.48968e-07 0.000445541 -0.000620227 0.00392661 -0.000349075 0.00178751 0.000443818 -0.00305925 
-0.00672642 3.41265e-06 0.00913691 -4.63381e-06 -0.00481731 2.44226e-06 -0.00304573 1.54474e-06 0.00531863 -2.69841e-06 0.00088593 -4.48968e-07 0.000633868 -3.21511e-07 -0.000499565 2.53505e-07 -0.000886388 4.49659e-07 8.18751e-08 -1.23572e-10 
-0.00336736 -0.00336566 -0.00241961 0.00457978 0.00458207 -0.00241841 0.00044576 -0.00152623 0.0026626 0.00266125 -0.00152699 0.000445541 -3.21511e-07 0.000317528 -0.000443962 -0.000249742 -0.00024987 -0.000443738 0.000317688 -3.22425e-07 
0.0100121 0.00471181 -0.00382589 -0.00639906 -0.00260374 0.00337321 0.00177958 0.00213315 -0.00791667 -0.00372566 0.00143523 -0.000620227 -0.000499565 -0.000443962 0.00101454 0.000349977 0.00104842 0.000620873 -0.000444056 -1.15507e-07 
0.00265451 0.0120913 0.00190739 0.00316414 -0.00361207 -0.010929 -0.000351395 -4.41859e-05 -0.00209894 -0.0095607 0.00120374 0.00392661 2.53505e-07 -0.000249742 0.000349977 0.00144102 0.000196973 0.00105035 -0.000250435 -0.000889838 
0.0120607 0.00265189 -0.010875 -0.0036015 0.00312977 0.0018985 0.00390924 0.00120057 -0.00953649 -0.00209687 -3.66462e-05 -0.000349075 -0.000886388 -0.00024987 0.00104842 0.000196973 0.00143664 0.000349438 -0.000250308 -6.49711e-08 
0.0047092 0.0100253 0.00338378 -0.00258731 -0.00640795 -0.00385077 -0.000623388 0.00143153 -0.00372359 -0.00792707 0.00213547 0.00178751 4.49659e-07 -0.000443738 0.000620873 0.00105035 0.000349438 0.00101532 -0.000444281 -0.000501123 
-0.00336994 -0.00337165 -0.00241258 0.004579 0.0045767 -0.00241378 0.000443598 -0.00152643 0.00266464 0.00266599 -0.00152566 0.000443818 8.18751e-08 0.000317688 -0.000444056 -0.000250435 -0.000250308 -0.000444281 0.000317528 8.26761e-08 
-8.7591e-07 -0.00675073 -6.30262e-07 -0.00484363 1.19276e-06 0.00917883 1.16198e-07 0.000891641 6.92588e-07 0.00533785 -3.97445e-07 -0.00305925 -1.23572e-10 -3.22425e-07 -1.15507e-07 -0.000889838 -6.49711e-08 -0.000501123 8.26761e-08 0.000636563 
 ue[5]=5.78878e-07 J0=81 W[i]=0.0629696

Ponto de integracao No. =6
Valores das funcoes de forma no ponto de Integracao atual(PHI) :
0.0597971 -0.0321375 -0.253018 -0.0321375 0.220881 0.506037 0.0597971 -0.253018 0.506037 0.217763 
Valores das derivadas direcionais das funcoes de forma no ponto de Integracao atual(DPHI):
-0.226917 -0.138496 1.40767 0.138496 0 -4.99609 0.226917 -1.40767 4.99609 0 
-0.226917 0.178797 1.09038 0.317293 -1.90376 -3.27113 0 -0.317293 1.72496 2.40767 
 X= 
0.911579 7.17684 
 J0= 81
 Y= 
0.913174 7.17734 
Matriz A1= 
9.01322 0.00457706 
0.00232596 9.00052 
 J1= 81.1236
 A= 
1.00147 0.000508562 
0.00025844 1.00006 
 C= 
1.00294 0.000767764 
0.000767764 1.00011 
 E= 
0.00146974 5.74065e-05 0.000383882 0.000383882 
 S= 
0.00146974 5.74065e-05 0.000383882 0.000383882 
 CC= 
1 0 0 0 
0 1 0 0 
0 0 0.5 0.5 
0 0 0.5 0.5 
 fint= -4.68097e-05 -1.11389e-05 -1.50151e-05 -4.77103e-06 0.000276827 6.70723e-05 3.62078e-05 7.941e-06 -8.13275e-05 -1.21648e-05 -0.00095693 -0.000234226 3.71159e-05 9.68896e-06 -0.000243801 -6.21324e-05 0.000890879 0.000224346 0.000102854 1.53848e-05 
 h= 
0.000958132 0.000319065 0.000138417 0.00019417 -0.00549735 -0.00197874 -0.000836313 -0.000195057 0.00267819 3.40299e-06 0.0186687 0.00702185 -0.000638906 -0.00031866 0.00440979 0.00197736 -0.0164936 -0.00701909 -0.00338709 -4.30374e-06 
0.000319065 0.000955278 -0.000250949 -0.000306449 -0.00153362 -0.00503653 -0.000445885 -0.00108428 0.00267412 0.00533694 0.00460197 0.0161969 -3.26228e-07 -0.000319146 0.00044771 0.00286929 -0.00243015 -0.0118624 -0.00338193 -0.00674958 
0.000138417 -0.000250949 0.000435397 -0.000152716 -0.00120958 0.0015563 0.000113263 0.000153415 -0.0021055 -2.68087e-06 0.00495531 -0.00552276 -0.00038938 0.000250629 0.00206458 -0.00155521 -0.00666532 0.00552059 0.0026628 3.39047e-06 
0.00019417 -0.000306449 -0.000152716 0.000513191 -0.000933298 0.00120081 -0.000271347 0.000581621 0.00162735 -0.00420137 0.00280057 -0.00294037 -1.9905e-07 -0.00019433 0.00027246 0.000505288 -0.0014789 -0.000471827 -0.0020581 0.00531343 
-0.00549735 -0.00153362 -0.00120958 -0.000933298 0.0319569 0.009511 0.00456433 0.00093756 -0.0128739 -1.63524e-05 -0.109372 -0.0337512 0.00396285 0.00153167 -0.026729 -0.00950436 0.0989159 0.033738 0.0162816 2.06808e-05 
-0.00197874 -0.00503653 0.0015563 0.00120081 0.009511 0.026969 0.00276523 0.00548285 -0.016584 -0.0256487 -0.0285399 -0.0876505 2.02368e-06 0.00197935 -0.00277655 -0.0165536 0.015071 0.0668196 0.0209736 0.0324377 
-0.000836313 -0.000445885 0.000113263 -0.000271347 0.00456433 0.00276523 0.00086189 0.000272587 -0.00374218 -4.75805e-06 -0.0150226 -0.00981284 0.000390268 0.000445318 -0.0030447 -0.0027633 0.0119833 0.00980898 0.0047327 6.01747e-06 
-0.000195057 -0.00108428 0.000153415 0.000581621 0.00093756 0.00548285 0.000272587 0.00136244 -0.00163479 -0.00746037 -0.00281336 -0.0171131 1.99142e-07 0.000195043 -0.000273701 -0.00245333 0.00148564 0.011054 0.00206751 0.00943506 
0.00267819 0.00267412 -0.0021055 0.00162735 -0.0128739 -0.016584 -0.00374218 -0.00163479 0.0224406 2.8547e-05 0.0386334 0.0588507 -3.4055e-06 -0.00267071 0.00376122 0.0165724 -0.020408 -0.0588276 -0.0283804 -3.61032e-05 
3.40299e-06 0.00533694 -2.68087e-06 -0.00420137 -1.63524e-05 -0.0256487 -4.75805e-06 -0.00746037 2.8547e-05 0.0447522 4.90585e-05 0.0769555 -3.50484e-10 -2.73656e-06 4.76001e-06 0.00747567 -2.58737e-05 -0.0406094 -3.61032e-05 -0.0565977 
0.0186687 0.00460197 0.00495531 0.00280057 -0.109372 -0.0285399 -0.0150226 -0.00281336 0.0386334 4.90585e-05 0.376029 0.101278 -0.0140639 -0.00459612 0.0936833 0.02852 -0.344652 -0.101238 -0.0488594 -6.20439e-05 
0.00702185 0.0161969 -0.00552276 -0.00294037 -0.0337512 -0.0876505 -0.00981284 -0.0171131 0.0588507 0.0769555 0.101278 0.286882 -7.18231e-06 -0.00702422 0.00985301 0.0564003 -0.0534817 -0.224382 -0.074428 -0.097325 
-0.000638906 -3.26228e-07 -0.00038938 -1.9905e-07 0.00396285 2.02368e-06 0.000390268 1.99142e-07 -3.4055e-06 -3.50484e-10 -0.0140639 -7.18231e-06 0.0006385 3.26186e-07 -0.00396147 -2.02354e-06 0.0140611 7.18203e-06 4.3069e-06 4.43255e-10 
-0.00031866 -0.000319146 0.000250629 -0.00019433 0.00153167 0.00197935 0.000445318 0.000195043 -0.00267071 -2.73656e-06 -0.00459612 -0.00702422 3.26186e-07 0.000318819 -0.000447142 -0.00197823 0.00242707 0.007022 0.00337763 3.4609e-06 
0.00440979 0.00044771 0.00206458 0.00027246 -0.026729 -0.00277655 -0.0030447 -0.000273701 0.00376122 4.76001e-06 0.0936833 0.00985301 -0.00396147 -0.000447142 0.0252016 0.00277462 -0.0906285 -0.00984915 -0.00475679 -6.01994e-06 
0.00197736 0.00286929 -0.00155521 0.000505288 -0.00950436 -0.0165536 -0.0027633 -0.00245333 0.0165724 0.00747567 0.02852 0.0564003 -2.02354e-06 -0.00197823 0.00277462 0.0135178 -0.0150605 -0.0503288 -0.0209589 -0.00945442 
-0.0164936 -0.00243015 -0.00666532 -0.0014789 0.0989159 0.015071 0.0119833 0.00148564 -0.020408 -2.58737e-05 -0.344652 -0.0534817 0.0140611 0.00242707 -0.0906285 -0.0150605 0.328078 0.0534607 0.0258098 3.27222e-05 
-0.00701909 -0.0118624 0.00552059 -0.000471827 0.033738 0.0668196 0.00980898 0.011054 -0.0588276 -0.0406094 -0.101238 -0.224382 7.18203e-06 0.007022 -0.00984915 -0.0503288 0.0534607 0.1914 0.0743987 0.0513584 
-0.00338709 -0.00338193 0.0026628 -0.0020581 0.0162816 0.0209736 0.0047327 0.00206751 -0.0283804 -3.61032e-05 -0.0488594 -0.074428 4.3069e-06 0.00337763 -0.00475679 -0.0209589 0.0258098 0.0743987 0.0358925 4.56594e-05 
-4.30374e-06 -0.00674958 3.39047e-06 0.00531343 2.06808e-05 0.0324377 6.01747e-06 0.00943506 -3.61032e-05 -0.0565977 -6.20439e-05 -0.097325 4.43255e-10 3.4609e-06 -6.01994e-06 -0.00945442 3.27222e-05 0.0513584 4.56594e-05 0.0715786 
 ue[6]=1.22908e-06 J0=81 W[i]=0.0629696

 Ue= 6.80187e-05
 Fint= 
0.00307737 0.000862805 -0.0108003 -0.00724816 -0.00173043 -0.00136143 0.0125851 0.011153 0.0099742 0.00760299 -0.00382653 -0.00117335 -0.00297552 -0.00229665 -0.0110608 -0.00895386 0.00442983 0.00149026 0.000327086 -7.55799e-05 
 H= 
0.636275 0.21226 -0.65488 -0.337105 -0.300601 0.0183948 0.354859 0.168303 -0.00061098 -0.000293597 0.206729 0.0189476 -0.0871616 -0.0436612 -0.0543757 -0.0180181 -0.0564066 -0.0187925 -0.0438259 -3.50096e-05 
0.21226 0.637395 0.0189535 -0.299278 -0.337663 -0.657005 0.0182045 0.205301 -0.000147851 -0.000910224 0.1689 0.356624 2.57871e-05 -0.0435982 -0.0180652 -0.0548702 -0.0186621 -0.0560877 -0.0438054 -0.0875702 
-0.65488 0.0189535 2.53217 0.422844 0.00122539 0.422255 -1.51457 -0.589421 -1.01122 -0.505298 0.000112203 -0.0845656 0.335911 0.149572 0.160983 0.0809931 0.169244 0.0847158 -0.0189759 -4.86133e-05 
-0.337105 -0.299278 0.422844 2.53434 0.421993 -0.000639574 -0.0820818 -1.00947 -0.506829 -2.0251 -0.0842658 0.000544219 -6.70485e-05 0.16811 0.0809565 0.331338 0.0847168 0.337978 -0.000162183 -0.037829 
-0.300601 -0.337663 0.00122539 0.421993 2.53208 0.422818 -0.000306502 -0.0845893 -2.02179 -0.505613 -1.0151 -0.0851781 -0.0372532 0.000102637 0.334467 0.0836605 0.33796 0.0842613 0.169323 0.000208163 
0.0183948 -0.657005 0.422255 -0.000639574 0.422818 2.53368 -0.0844035 0.000198386 -0.505444 -1.01008 -0.591641 -1.52053 3.5423e-05 -0.0187293 0.0837813 0.167214 0.0837891 0.167971 0.150415 0.337924 
0.354859 0.0182045 -1.51457 -0.0820818 -0.000306502 -0.0844035 2.51433 0.413579 -0.00656643 0.503685 0.000949651 -0.0840456 -0.669089 -0.354183 -0.827172 -0.413743 0.165837 0.0827066 -0.0182708 0.000280768 
0.168303 0.205301 -0.589421 -1.00947 -0.0845893 0.000198386 0.413579 2.51644 0.506188 -0.00266441 -0.0842872 0.000330467 0.000389169 -0.334683 -0.4127 -1.67294 0.0820664 0.334409 0.000472518 -0.0369272 
-0.00061098 -0.000147851 -1.01122 -0.506829 -2.02179 -0.505444 -0.00656643 0.506188 6.06148 1.00863 -0.00135399 0.506072 0.0013808 3.66382e-05 -2.01212 -0.502765 -1.00889 -0.505579 -0.000311817 -0.0001591 
-0.000293597 -0.000910224 -0.505298 -2.0251 -0.505613 -1.01008 0.503685 -0.00266441 1.00863 6.06569 0.506002 -0.00117593 0.000245946 0.000911318 -0.502968 -1.00528 -0.504164 -2.02134 -0.000222662 -5.38824e-05 
0.206729 0.1689 0.000112203 -0.0842658 -1.0151 -0.591641 0.000949651 -0.0842872 -0.00135399 0.506002 2.54047 0.424207 -0.038374 -0.000184004 0.340219 0.0849222 -1.69474 -0.423235 -0.338905 -0.000418211 
0.0189476 0.356624 -0.0845656 0.000544219 -0.0851781 -1.52053 -0.0840456 0.000330467 0.506072 -0.00117593 0.424207 2.53521 -0.000111567 -0.0191621 0.0845681 0.169784 -0.422629 -0.845965 -0.357265 -0.675662 
-0.0871616 2.57871e-05 0.335911 -6.70485e-05 -0.0372532 3.5423e-05 -0.669089 0.000389169 0.0013808 0.000245946 -0.038374 -0.000111567 0.42261 -0.000346358 0.0329924 -0.000283326 0.0390845 0.000112061 -0.000100617 -8.68003e-08 
-0.0436612 -0.0435982 0.149572 0.16811 0.000102637 -0.0187293 -0.354183 -0.334683 3.66382e-05 0.000911318 -0.000184004 -0.0191621 -0.000346358 0.210902 0.354289 0.0168711 -0.149318 0.0193981 0.0436921 -2.04689e-05 
-0.0543757 -0.0180652 0.160983 0.0809565 0.334467 0.0837813 -0.827172 -0.4127 -2.01212 -0.502968 0.340219 0.0845681 0.0329924 0.354289 2.5145 0.413649 -0.507724 -0.0832293 0.0182262 -0.000280757 
-0.0180181 -0.0548702 0.0809931 0.331338 0.0836605 0.167214 -0.413743 -1.67294 -0.502765 -1.00528 0.0849222 0.169784 -0.000283326 0.0168711 0.413649 2.51659 0.422008 -0.505686 -0.150424 0.0369826 
-0.0564066 -0.0186621 0.169244 0.0847168 0.33796 0.0837891 0.165837 0.0820664 -1.00889 -0.504164 -1.69474 -0.422629 0.0390845 -0.149318 -0.507724 0.422008 2.53587 0.421985 0.0197614 0.000207821 
-0.0187925 -0.0560877 0.0847158 0.337978 0.0842613 0.167971 0.0827066 0.334409 -0.505579 -2.02134 -0.423235 -0.845965 0.000112061 0.0193981 -0.0832293 -0.505686 0.421985 2.53125 0.357055 0.0380753 
-0.0438259 -0.0438054 -0.0189759 -0.000162183 0.169323 0.150415 -0.0182708 0.000472518 -0.000311817 -0.000222662 -0.338905 -0.357265 -0.000100617 0.0436921 0.0182262 -0.150424 0.0197614 0.357055 0.213079 0.000245024 
-3.50096e-05 -0.0875702 -4.86133e-05 -0.037829 0.000208163 0.337924 0.000280768 -0.0369272 -0.0001591 -5.38824e-05 -0.000418211 -0.675662 -8.68003e-08 -2.04689e-05 -0.000280757 0.0369826 0.000207821 0.0380753 0.000245024 0.425082 


 Dy = nan nan nan nan nan nan nan nan nan inf -inf 
