Iteração =X
Elemento =0
GRAU DO POLINOMIO =3
NUMERO DE NOS =10
Coordenadas Adimensionais dos Nós
0 Xsi[0][0]=0   Xsi[0][1]=0   
1 Xsi[1][0]=0.333333   Xsi[1][1]=0   
2 Xsi[2][0]=0   Xsi[2][1]=0.333333   
3 Xsi[3][0]=0.666667   Xsi[3][1]=0   
4 Xsi[4][0]=0.333333   Xsi[4][1]=0.333333   
5 Xsi[5][0]=0   Xsi[5][1]=0.666667   
6 Xsi[6][0]=1   Xsi[6][1]=0   
7 Xsi[7][0]=0.666667   Xsi[7][1]=0.333333   
8 Xsi[8][0]=0.333333   Xsi[8][1]=0.666667   
9 Xsi[9][0]=0   Xsi[9][1]=1   
Matriz dos Coeficientes das Funcoes de forma
1 0 0 0 0 0 0 0 0 0 
-5.5 9 0 -4.5 0 0 1 0 0 0 
-5.5 0 9 0 0 -4.5 0 0 0 1 
9 -22.5 0 18 0 0 -4.5 0 0 0 
18 -22.5 -22.5 4.5 27 4.5 0 -4.5 -4.5 0 
9 0 -22.5 0 0 18 0 0 0 -4.5 
-4.5 13.5 0 -13.5 0 0 4.5 0 0 0 
-13.5 27 13.5 -13.5 -27 0 0 13.5 0 0 
-13.5 13.5 27 0 -27 -13.5 0 0 13.5 0 
-4.5 0 13.5 0 0 -13.5 0 0 0 4.5 
Matriz dos Coeficientes das Derivadas direcionais das Funcoes de forma
C'0
-5.5 9 0 -4.5 0 0 1 0 0 0 
18 -45 0 36 0 0 -9 0 0 0 
18 -22.5 -22.5 4.5 27 4.5 0 -4.5 -4.5 0 
-13.5 40.5 0 -40.5 0 0 13.5 0 0 0 
-27 54 27 -27 -54 0 0 27 0 0 
-13.5 13.5 27 0 -27 -13.5 0 0 13.5 0 
C'1
-5.5 0 9 0 0 -4.5 0 0 0 1 
18 -22.5 -22.5 4.5 27 4.5 0 -4.5 -4.5 0 
18 0 -45 0 0 36 0 0 0 -9 
-13.5 27 13.5 -13.5 -27 0 0 13.5 0 0 
-27 27 54 0 -54 -27 0 0 27 0 
-13.5 0 40.5 0 0 -40.5 0 0 0 13.5 

Ponto de integracao No. =0
Valores das funcoes de forma no ponto de Integracao atual(PHI) :
0 0 0 0 1 0 0 0 0 0 
Valores das derivadas direcionais das funcoes de forma no ponto de Integracao atual(DPHI):
0.5 -1.5 -1.5 1.5 0 0 -0.5 1.5 0 0 
0.5 -1.5 -1.5 0 0 1.5 0 0 1.5 -0.5 
 X= 
4.5 1.5 
 J0= 40.5
 Y= 
4.5 1.5 
Matriz A1= 
9 4.5 
-1.36335e-13 4.5 
 J1= 40.5
 A= 
1 0 
-3.15544e-30 1 
 C= 
1 -3.15544e-30 
-3.15544e-30 1 
 E= 
0 -1.11022e-16 -1.57772e-30 -1.57772e-30 
 S= 
0 -1.11022e-16 -1.57772e-30 -1.57772e-30 
 CC= 
1 0 0 0 
0 1 0 0 
0 0 0.5 0.5 
0 0 0.5 0.5 
 fint= -8.76512e-32 -6.16791e-18 2.62954e-31 1.85037e-17 2.62954e-31 1.85037e-17 2.62954e-31 1.85037e-17 0 0 -5.25907e-31 -3.70074e-17 -8.76512e-32 -6.16791e-18 2.62954e-31 1.85037e-17 -5.25907e-31 -3.70074e-17 1.75302e-31 1.23358e-17 
 h= 
0.00462963 0.00154321 -0.0138889 -0.00462963 -0.0138889 -0.00462963 0.00462963 0.00462963 0 0 0.00925926 1.40263e-16 -0.00154321 -0.00154321 0.00462963 0.00462963 0.00925926 1.40263e-16 -0.00308642 -4.67542e-17 
0.00154321 0.00462963 -0.00462963 -0.0138889 -0.00462963 -0.0138889 -0.00462963 -0.00462963 0 0 0.00925926 0.0185185 0.00154321 0.00154321 -0.00462963 -0.00462963 0.00925926 0.0185185 -0.00308642 -0.00617284 
-0.0138889 -0.00462963 0.0416667 0.0138889 0.0416667 0.0138889 -0.0138889 -0.0138889 0 0 -0.0277778 -4.20788e-16 0.00462963 0.00462963 -0.0138889 -0.0138889 -0.0277778 -4.20788e-16 0.00925926 1.40263e-16 
-0.00462963 -0.0138889 0.0138889 0.0416667 0.0138889 0.0416667 0.0138889 0.0138889 0 0 -0.0277778 -0.0555556 -0.00462963 -0.00462963 0.0138889 0.0138889 -0.0277778 -0.0555556 0.00925926 0.0185185 
-0.0138889 -0.00462963 0.0416667 0.0138889 0.0416667 0.0138889 -0.0138889 -0.0138889 0 0 -0.0277778 -4.20788e-16 0.00462963 0.00462963 -0.0138889 -0.0138889 -0.0277778 -4.20788e-16 0.00925926 1.40263e-16 
-0.00462963 -0.0138889 0.0138889 0.0416667 0.0138889 0.0416667 0.0138889 0.0138889 0 0 -0.0277778 -0.0555556 -0.00462963 -0.00462963 0.0138889 0.0138889 -0.0277778 -0.0555556 0.00925926 0.0185185 
0.00462963 -0.00462963 -0.0138889 0.0138889 -0.0138889 0.0138889 0.0416667 -0.0138889 0 0 -0.0277778 -4.20788e-16 -0.0138889 0.00462963 0.0416667 -0.0138889 -0.0277778 -4.20788e-16 0.00925926 1.40263e-16 
0.00462963 -0.00462963 -0.0138889 0.0138889 -0.0138889 0.0138889 -0.0138889 0.0416667 0 0 0.0277778 -0.0555556 0.00462963 -0.0138889 -0.0138889 0.0416667 0.0277778 -0.0555556 -0.00925926 0.0185185 
0 0 0 0 0 0 0 0 0 0 0 0 0 0 0 0 0 0 0 0 
0 0 0 0 0 0 0 0 0 0 0 0 0 0 0 0 0 0 0 0 
0.00925926 0.00925926 -0.0277778 -0.0277778 -0.0277778 -0.0277778 -0.0277778 0.0277778 0 0 0.0555556 8.41576e-16 0.00925926 -0.00925926 -0.0277778 0.0277778 0.0555556 8.41576e-16 -0.0185185 -2.80525e-16 
1.40263e-16 0.0185185 -4.20788e-16 -0.0555556 -4.20788e-16 -0.0555556 -4.20788e-16 -0.0555556 0 0 8.41576e-16 0.111111 1.40263e-16 0.0185185 -4.20788e-16 -0.0555556 8.41576e-16 0.111111 -2.80525e-16 -0.037037 
-0.00154321 0.00154321 0.00462963 -0.00462963 0.00462963 -0.00462963 -0.0138889 0.00462963 0 0 0.00925926 1.40263e-16 0.00462963 -0.00154321 -0.0138889 0.00462963 0.00925926 1.40263e-16 -0.00308642 -4.67542e-17 
-0.00154321 0.00154321 0.00462963 -0.00462963 0.00462963 -0.00462963 0.00462963 -0.0138889 0 0 -0.00925926 0.0185185 -0.00154321 0.00462963 0.00462963 -0.0138889 -0.00925926 0.0185185 0.00308642 -0.00617284 
0.00462963 -0.00462963 -0.0138889 0.0138889 -0.0138889 0.0138889 0.0416667 -0.0138889 0 0 -0.0277778 -4.20788e-16 -0.0138889 0.00462963 0.0416667 -0.0138889 -0.0277778 -4.20788e-16 0.00925926 1.40263e-16 
0.00462963 -0.00462963 -0.0138889 0.0138889 -0.0138889 0.0138889 -0.0138889 0.0416667 0 0 0.0277778 -0.0555556 0.00462963 -0.0138889 -0.0138889 0.0416667 0.0277778 -0.0555556 -0.00925926 0.0185185 
0.00925926 0.00925926 -0.0277778 -0.0277778 -0.0277778 -0.0277778 -0.0277778 0.0277778 0 0 0.0555556 8.41576e-16 0.00925926 -0.00925926 -0.0277778 0.0277778 0.0555556 8.41576e-16 -0.0185185 -2.80525e-16 
1.40263e-16 0.0185185 -4.20788e-16 -0.0555556 -4.20788e-16 -0.0555556 -4.20788e-16 -0.0555556 0 0 8.41576e-16 0.111111 1.40263e-16 0.0185185 -4.20788e-16 -0.0555556 8.41576e-16 0.111111 -2.80525e-16 -0.037037 
-0.00308642 -0.00308642 0.00925926 0.00925926 0.00925926 0.00925926 0.00925926 -0.00925926 0 0 -0.0185185 -2.80525e-16 -0.00308642 0.00308642 0.00925926 -0.00925926 -0.0185185 -2.80525e-16 0.00617284 9.35085e-17 
-4.67542e-17 -0.00617284 1.40263e-16 0.0185185 1.40263e-16 0.0185185 1.40263e-16 0.0185185 0 0 -2.80525e-16 -0.037037 -4.67542e-17 -0.00617284 1.40263e-16 0.0185185 -2.80525e-16 -0.037037 9.35085e-17 0.0123457 
 ue[0]=6.16298e-33 J0=40.5 W[i]=-0.28125

Ponto de integracao No. =1
Valores das funcoes de forma no ponto de Integracao atual(PHI) :
0.056 -0.216 -0.072 0.432 0.648 -0.072 -0.048 0.432 -0.216 0.056 
Valores das derivadas direcionais das funcoes de forma no ponto de Integracao atual(DPHI):
0.26 -0.9 -0.18 0.18 -2.16 0.36 0.46 2.34 -0.36 0 
0.26 -0.54 -0.54 -2.16 0 0.54 0 2.16 0.54 -0.26 
 X= 
6.3 0.9 
 J0= 40.5
 Y= 
6.3 0.9 
Matriz A1= 
9 4.5 
-8.88178e-16 4.5 
 J1= 40.5
 A= 
1 0 
-1.2326e-32 1 
 C= 
1 -1.2326e-32 
-1.2326e-32 1 
 E= 
0 0 -6.16298e-33 -6.16298e-33 
 S= 
0 0 -6.16298e-33 -6.16298e-33 
 CC= 
1 0 0 0 
0 1 0 0 
0 0 0.5 0.5 
0 0 0.5 0.5 
 fint= -1.78042e-34 -1.78042e-34 1.2326e-34 6.16298e-34 6.16298e-34 1.2326e-34 3.08149e-33 -1.2326e-34 -1.47911e-33 1.47911e-33 -4.93038e-34 -2.46519e-34 3.14997e-34 -3.14997e-34 -1.35585e-33 -1.60237e-33 -9.86076e-34 2.46519e-34 3.56083e-34 3.51406e-50 
 h= 
0.00125185 0.000417284 -0.00317778 -0.00144444 -0.00202222 -0.000288889 -0.00664444 0.000288889 -0.00346667 -0.00346667 0.00231111 0.000577778 0.000738272 0.000738272 0.0106889 0.00375556 0.00115556 -0.000577778 -0.000834568 -8.23606e-20 
0.000417284 0.00125185 -0.000288889 -0.00202222 -0.00144444 -0.00317778 -0.00722222 -0.0141556 0.00346667 0.00346667 0.00115556 0.00288889 -0.000738272 -0.000738272 0.00317778 0.0101111 0.00231111 0.00404444 -0.000834568 -0.00166914 
-0.00317778 -0.000288889 0.0102 0.001 0.003 0.0002 0.003 -0.0002 0.0216 0.0024 -0.0048 -0.0004 -0.0046 -0.000511111 -0.0282 -0.0026 0.0024 0.0004 0.000577778 5.70189e-20 
-0.00144444 -0.00202222 0.001 0.0054 0.005 0.003 0.025 0.009 -0.012 0.0072 -0.004 -0.0036 0.00255556 -0.00153333 -0.011 -0.0174 -0.008 -0.0012 0.00288889 0.00115556 
-0.00202222 -0.00144444 0.003 0.005 0.0054 0.001 0.0246 -0.001 -0.0072 0.012 -0.0048 -0.002 0.00153333 -0.00255556 -0.0162 -0.013 -0.0072 0.002 0.00288889 2.85094e-19 
-0.000288889 -0.00317778 0.0002 0.003 0.001 0.0102 0.005 0.0498 -0.0024 -0.0216 -0.0008 -0.0084 0.000511111 0.0046 -0.0022 -0.0246 -0.0016 -0.0156 0.000577778 0.00577778 
-0.00664444 -0.00722222 0.003 0.025 0.0246 0.005 0.1254 -0.005 -0.0648 0.06 -0.0192 -0.01 0.0138 -0.0127778 -0.0498 -0.065 -0.0408 0.01 0.0144444 1.42547e-18 
0.000288889 -0.0141556 -0.0002 0.009 -0.001 0.0498 -0.005 0.2502 0.0024 -0.1224 0.0008 -0.0396 -0.000511111 0.0260667 0.0022 -0.1074 0.0016 -0.0804 -0.000577778 0.0288889 
-0.00346667 0.00346667 0.0216 -0.012 -0.0072 -0.0024 -0.0648 0.0024 0.0864 -0.0288 7.63278e-17 0.0048 -0.0184 0.00613333 -0.036 0.0312 0.0288 -0.0048 -0.00693333 -6.84226e-19 
-0.00346667 0.00346667 0.0024 0.0072 0.012 -0.0216 0.06 -0.1224 -0.0288 0.0864 -0.0096 0.0144 0.00613333 -0.0184 -0.0264 0.0216 -0.0192 0.0432 0.00693333 -0.0138667 
0.00231111 0.00115556 -0.0048 -0.004 -0.0048 -0.0008 -0.0192 0.0008 7.63278e-17 -0.0096 0.0048 0.0016 -1.64799e-17 0.00204444 0.0192 0.0104 0.0048 -0.0016 -0.00231111 -2.28075e-19 
0.000577778 0.00288889 -0.0004 -0.0036 -0.002 -0.0084 -0.01 -0.0396 0.0048 0.0144 0.0016 0.0072 -0.00102222 -0.00306667 0.0044 0.0228 0.0032 0.012 -0.00115556 -0.00462222 
0.000738272 -0.000738272 -0.0046 0.00255556 0.00153333 0.000511111 0.0138 -0.000511111 -0.0184 0.00613333 -1.64799e-17 -0.00102222 0.00391852 -0.00130617 0.00766667 -0.00664444 -0.00613333 0.00102222 0.00147654 1.45715e-19 
0.000738272 -0.000738272 -0.000511111 -0.00153333 -0.00255556 0.0046 -0.0127778 0.0260667 0.00613333 -0.0184 0.00204444 -0.00306667 -0.00130617 0.00391852 0.00562222 -0.0046 0.00408889 -0.0092 -0.00147654 0.00295309 
0.0106889 0.00317778 -0.0282 -0.011 -0.0162 -0.0022 -0.0498 0.0022 -0.036 -0.0264 0.0192 0.0044 0.00766667 0.00562222 0.0918 0.0286 0.0072 -0.0044 -0.00635556 -6.27207e-19 
0.00375556 0.0101111 -0.0026 -0.0174 -0.013 -0.0246 -0.065 -0.1074 0.0312 0.0216 0.0104 0.0228 -0.00664444 -0.0046 0.0286 0.0822 0.0208 0.03 -0.00751111 -0.0127111 
0.00115556 0.00231111 0.0024 -0.008 -0.0072 -0.0016 -0.0408 0.0016 0.0288 -0.0192 0.0048 0.0032 -0.00613333 0.00408889 0.0072 0.0208 0.0144 -0.0032 -0.00462222 -4.56151e-19 
-0.000577778 0.00404444 0.0004 -0.0012 0.002 -0.0156 0.01 -0.0804 -0.0048 0.0432 -0.0016 0.012 0.00102222 -0.0092 -0.0044 0.03 -0.0032 0.0264 0.00115556 -0.00924444 
-0.000834568 -0.000834568 0.000577778 0.00288889 0.00288889 0.000577778 0.0144444 -0.000577778 -0.00693333 0.00693333 -0.00231111 -0.00115556 0.00147654 -0.00147654 -0.00635556 -0.00751111 -0.00462222 0.00115556 0.00166914 1.64721e-19 
-8.23606e-20 -0.00166914 5.70189e-20 0.00115556 2.85094e-19 0.00577778 1.42547e-18 0.0288889 -6.84226e-19 -0.0138667 -2.28075e-19 -0.00462222 1.45715e-19 0.00295309 -6.27207e-19 -0.0127111 -4.56151e-19 -0.00924444 1.64721e-19 0.00333827 
 ue[1]=3.79823e-65 J0=40.5 W[i]=0.260417

Ponto de integracao No. =2
Valores das funcoes de forma no ponto de Integracao atual(PHI) :
-0.048 0.432 0.432 -0.216 0.648 -0.216 0.056 -0.072 -0.072 0.056 
Valores das derivadas direcionais das funcoes de forma no ponto de Integracao atual(DPHI):
-0.46 -0.18 -2.34 0.9 2.16 0.36 -0.26 0.18 -0.36 0 
-0.46 -2.34 -0.18 0.36 2.16 0.9 0 -0.36 0.18 -0.26 
 X= 
2.7 0.9 
 J0= 40.5
 Y= 
2.7 0.9 
Matriz A1= 
9 4.5 
-2.22045e-16 4.5 
 J1= 40.5
 A= 
1 0 
0 1 
 C= 
1 0 
0 1 
 E= 
0 0 0 0 
 S= 
0 0 0 0 
 CC= 
1 0 0 0 
0 1 0 0 
0 0 0.5 0.5 
0 0 0.5 0.5 
 fint= 0 0 0 0 0 0 0 0 0 0 0 0 0 0 0 0 0 0 0 0 
 h= 
0.00391852 0.00130617 0.0138 0.000511111 0.00766667 0.00664444 -0.0046 -0.00255556 -0.0184 -0.00613333 -0.00613333 -0.00102222 0.000738272 0.000738272 0.00153333 -0.000511111 -1.30104e-17 0.00102222 0.00147654 3.64287e-20 
0.00130617 0.00391852 0.0127778 0.0260667 -0.00562222 -0.0046 0.000511111 -0.00153333 -0.00613333 -0.0184 -0.00408889 -0.0092 -0.000738272 -0.000738272 0.00255556 0.0046 -0.00204444 -0.00306667 0.00147654 0.00295309 
0.0138 0.0127778 0.1254 0.005 -0.0498 0.065 0.003 -0.025 -0.0648 -0.06 -0.0408 -0.01 -0.00664444 0.00722222 0.0246 -0.005 -0.0192 0.01 0.0144444 3.56368e-19 
0.000511111 0.0260667 0.005 0.2502 -0.0022 -0.1074 0.0002 0.009 -0.0024 -0.1224 -0.0016 -0.0804 -0.000288889 -0.0141556 0.001 0.0498 -0.0008 -0.0396 0.000577778 0.0288889 
0.00766667 -0.00562222 -0.0498 -0.0022 0.0918 -0.0286 -0.0282 0.011 -0.036 0.0264 0.0072 0.0044 0.0106889 -0.00317778 -0.0162 0.0022 0.0192 -0.0044 -0.00635556 -1.56802e-19 
0.00664444 -0.0046 0.065 -0.1074 -0.0286 0.0822 0.0026 -0.0174 -0.0312 0.0216 -0.0208 0.03 -0.00375556 0.0101111 0.013 -0.0246 -0.0104 0.0228 0.00751111 -0.0127111 
-0.0046 0.000511111 0.003 0.0002 -0.0282 0.0026 0.0102 -0.001 0.0216 -0.0024 0.0024 -0.0004 -0.00317778 0.000288889 0.003 -0.0002 -0.0048 0.0004 0.000577778 1.42547e-20 
-0.00255556 -0.00153333 -0.025 0.009 0.011 -0.0174 -0.001 0.0054 0.012 0.0072 0.008 -0.0012 0.00144444 -0.00202222 -0.005 0.003 0.004 -0.0036 -0.00288889 0.00115556 
-0.0184 -0.00613333 -0.0648 -0.0024 -0.036 -0.0312 0.0216 0.012 0.0864 0.0288 0.0288 0.0048 -0.00346667 -0.00346667 -0.0072 0.0024 2.60209e-17 -0.0048 -0.00693333 -1.71057e-19 
-0.00613333 -0.0184 -0.06 -0.1224 0.0264 0.0216 -0.0024 0.0072 0.0288 0.0864 0.0192 0.0432 0.00346667 0.00346667 -0.012 -0.0216 0.0096 0.0144 -0.00693333 -0.0138667 
-0.00613333 -0.00408889 -0.0408 -0.0016 0.0072 -0.0208 0.0024 0.008 0.0288 0.0192 0.0144 0.0032 0.00115556 -0.00231111 -0.0072 0.0016 0.0048 -0.0032 -0.00462222 -1.14038e-19 
-0.00102222 -0.0092 -0.01 -0.0804 0.0044 0.03 -0.0004 -0.0012 0.0048 0.0432 0.0032 0.0264 0.000577778 0.00404444 -0.002 -0.0156 0.0016 0.012 -0.00115556 -0.00924444 
0.000738272 -0.000738272 -0.00664444 -0.000288889 0.0106889 -0.00375556 -0.00317778 0.00144444 -0.00346667 0.00346667 0.00115556 0.000577778 0.00125185 -0.000417284 -0.00202222 0.000288889 0.00231111 -0.000577778 -0.000834568 -2.05901e-20 
0.000738272 -0.000738272 0.00722222 -0.0141556 -0.00317778 0.0101111 0.000288889 -0.00202222 -0.00346667 0.00346667 -0.00231111 0.00404444 -0.000417284 0.00125185 0.00144444 -0.00317778 -0.00115556 0.00288889 0.000834568 -0.00166914 
0.00153333 0.00255556 0.0246 0.001 -0.0162 0.013 0.003 -0.005 -0.0072 -0.012 -0.0072 -0.002 -0.00202222 0.00144444 0.0054 -0.001 -0.0048 0.002 0.00288889 7.12736e-20 
-0.000511111 0.0046 -0.005 0.0498 0.0022 -0.0246 -0.0002 0.003 0.0024 -0.0216 0.0016 -0.0156 0.000288889 -0.00317778 -0.001 0.0102 0.0008 -0.0084 -0.000577778 0.00577778 
-1.30104e-17 -0.00204444 -0.0192 -0.0008 0.0192 -0.0104 -0.0048 0.004 2.60209e-17 0.0096 0.0048 0.0016 0.00231111 -0.00115556 -0.0048 0.0008 0.0048 -0.0016 -0.00231111 -5.70189e-20 
0.00102222 -0.00306667 0.01 -0.0396 -0.0044 0.0228 0.0004 -0.0036 -0.0048 0.0144 -0.0032 0.012 -0.000577778 0.00288889 0.002 -0.0084 -0.0016 0.0072 0.00115556 -0.00462222 
0.00147654 0.00147654 0.0144444 0.000577778 -0.00635556 0.00751111 0.000577778 -0.00288889 -0.00693333 -0.00693333 -0.00462222 -0.00115556 -0.000834568 0.000834568 0.00288889 -0.000577778 -0.00231111 0.00115556 0.00166914 4.11803e-20 
3.64287e-20 0.00295309 3.56368e-19 0.0288889 -1.56802e-19 -0.0127111 1.42547e-20 0.00115556 -1.71057e-19 -0.0138667 -1.14038e-19 -0.00924444 -2.05901e-20 -0.00166914 7.12736e-20 0.00577778 -5.70189e-20 -0.00462222 4.11803e-20 0.00333827 
 ue[2]=0 J0=40.5 W[i]=0.260417

Ponto de integracao No. =3
Valores das funcoes de forma no ponto de Integracao atual(PHI) :
0.056 -0.072 -0.216 -0.072 0.648 0.432 0.056 -0.216 0.432 -0.048 
Valores das derivadas direcionais das funcoes de forma no ponto de Integracao atual(DPHI):
0.26 -0.54 -0.54 0.54 0 -2.16 -0.26 0.54 2.16 0 
0.26 -0.18 -0.9 0.36 -2.16 0.18 0 -0.36 2.34 0.46 
 X= 
4.5 2.7 
 J0= 40.5
 Y= 
4.5 2.7 
Matriz A1= 
9 4.5 
-2.66454e-15 4.5 
 J1= 40.5
 A= 
1 -2.22045e-16 
-4.93038e-32 1 
 C= 
1 -2.22045e-16 
-2.22045e-16 1 
 E= 
0 -1.11022e-16 -1.11022e-16 -1.11022e-16 
 S= 
0 -1.11022e-16 -1.11022e-16 -1.11022e-16 
 CC= 
1 0 0 0 
0 1 0 0 
0 0 0.5 0.5 
0 0 0.5 0.5 
 fint= -3.20731e-18 -6.41462e-18 -2.22045e-18 4.44089e-18 1.55431e-17 2.22045e-17 -2.22045e-18 -8.88178e-18 5.32907e-17 5.32907e-17 -3.10862e-17 -4.44089e-18 -3.20731e-18 -3.85186e-33 1.55431e-17 8.88178e-18 -3.10862e-17 -5.77316e-17 -1.13489e-17 -1.13489e-17 
 h= 
0.00125185 0.000417284 -0.00144444 -0.000866667 -0.00375556 -0.000866667 0.00202222 0.000866667 -0.00693333 1.02634e-18 -0.00288889 -0.00346667 -0.000417284 -0.000417284 -0.000288889 0.000866667 0.0109778 0.00346667 0.00147654 -2.18572e-19 
0.000417284 0.00125185 0.000288889 -0.000288889 -0.00202222 -0.00491111 0.000288889 0.00144444 -0.00693333 -0.0138667 0.00404444 0.00462222 0.000417284 0.000417284 -0.00202222 -0.00317778 0.00404444 0.0115556 0.00147654 0.00295309 
-0.00144444 0.000288889 0.0038 -0.0006 0.0022 -0.0006 -0.0034 0.0006 -0.0048 7.10543e-19 0.0172 -0.0024 0.00202222 -0.000288889 -0.005 0.0006 -0.0116 0.0024 0.00102222 -1.51319e-19 
-0.000866667 -0.000288889 -0.0006 0.0022 0.0042 -0.001 -0.0006 -0.0014 0.0144 -0.0096 -0.0084 0.0128 -0.000866667 0.00144444 0.0042 -0.0046 -0.0084 -0.0016 -0.00306667 0.00204444 
-0.00375556 -0.00202222 0.0022 0.0042 0.0134 0.0042 -0.005 -0.0042 0.0336 -4.9738e-18 -0.0052 0.0168 -0.000288889 0.00202222 0.0062 -0.0042 -0.034 -0.0168 -0.00715556 1.05924e-18 
-0.000866667 -0.00491111 -0.0006 -0.001 0.0042 0.0214 -0.0006 -0.0046 0.0144 0.0672 -0.0084 -0.032 -0.000866667 -0.00317778 0.0042 0.0178 -0.0084 -0.0464 -0.00306667 -0.0143111 
0.00202222 0.000288889 -0.0034 -0.0006 -0.005 -0.0006 0.0038 0.0006 -0.0048 7.10543e-19 -0.0116 -0.0024 -0.00144444 -0.000288889 0.0022 0.0006 0.0172 0.0024 0.00102222 -1.51319e-19 
0.000866667 0.00144444 0.0006 -0.0014 -0.0042 -0.0046 0.0006 0.0022 -0.0144 -0.0096 0.0084 -0.0016 0.000866667 -0.000288889 -0.0042 -0.001 0.0084 0.0128 0.00306667 0.00204444 
-0.00693333 -0.00693333 -0.0048 0.0144 0.0336 0.0144 -0.0048 -0.0144 0.1152 -1.7053e-17 -0.0672 0.0576 -0.00693333 0.00693333 0.0336 -0.0144 -0.0672 -0.0576 -0.0245333 3.63166e-18 
1.02634e-18 -0.0138667 7.10543e-19 -0.0096 -4.9738e-18 0.0672 7.10543e-19 -0.0096 -1.7053e-17 0.2304 9.9476e-18 -0.1344 1.02634e-18 -0.0138667 -4.9738e-18 0.0672 9.9476e-18 -0.1344 3.63166e-18 -0.0490667 
-0.00288889 0.00404444 0.0172 -0.0084 -0.0052 -0.0084 -0.0116 0.0084 -0.0672 9.9476e-18 0.0968 -0.0336 0.0109778 -0.00404444 -0.034 0.0084 -0.0184 0.0336 0.0143111 -2.11847e-18 
-0.00346667 0.00462222 -0.0024 0.0128 0.0168 -0.032 -0.0024 -0.0016 0.0576 -0.1344 -0.0336 0.1072 -0.00346667 0.0115556 0.0168 -0.0464 -0.0336 0.0496 -0.0122667 0.0286222 
-0.000417284 0.000417284 0.00202222 -0.000866667 -0.000288889 -0.000866667 -0.00144444 0.000866667 -0.00693333 1.02634e-18 0.0109778 -0.00346667 0.00125185 -0.000417284 -0.00375556 0.000866667 -0.00288889 0.00346667 0.00147654 -2.18572e-19 
-0.000417284 0.000417284 -0.000288889 0.00144444 0.00202222 -0.00317778 -0.000288889 -0.000288889 0.00693333 -0.0138667 -0.00404444 0.0115556 -0.000417284 0.00125185 0.00202222 -0.00491111 -0.00404444 0.00462222 -0.00147654 0.00295309 
-0.000288889 -0.00202222 -0.005 0.0042 0.0062 0.0042 0.0022 -0.0042 0.0336 -4.9738e-18 -0.034 0.0168 -0.00375556 0.00202222 0.0134 -0.0042 -0.0052 -0.0168 -0.00715556 1.05924e-18 
0.000866667 -0.00317778 0.0006 -0.0046 -0.0042 0.0178 0.0006 -0.001 -0.0144 0.0672 0.0084 -0.0464 0.000866667 -0.00491111 -0.0042 0.0214 0.0084 -0.032 0.00306667 -0.0143111 
0.0109778 0.00404444 -0.0116 -0.0084 -0.034 -0.0084 0.0172 0.0084 -0.0672 9.9476e-18 -0.0184 -0.0336 -0.00288889 -0.00404444 -0.0052 0.0084 0.0968 0.0336 0.0143111 -2.11847e-18 
0.00346667 0.0115556 0.0024 -0.0016 -0.0168 -0.0464 0.0024 0.0128 -0.0576 -0.1344 0.0336 0.0496 0.00346667 0.00462222 -0.0168 -0.032 0.0336 0.1072 0.0122667 0.0286222 
0.00147654 0.00147654 0.00102222 -0.00306667 -0.00715556 -0.00306667 0.00102222 0.00306667 -0.0245333 3.63166e-18 0.0143111 -0.0122667 0.00147654 -0.00147654 -0.00715556 0.00306667 0.0143111 0.0122667 0.00522469 -7.7341e-19 
-2.18572e-19 0.00295309 -1.51319e-19 0.00204444 1.05924e-18 -0.0143111 -1.51319e-19 0.00204444 3.63166e-18 -0.0490667 -2.11847e-18 0.0286222 -2.18572e-19 0.00295309 1.05924e-18 -0.0143111 -2.11847e-18 0.0286222 -7.7341e-19 0.0104494 
 ue[3]=1.84889e-32 J0=40.5 W[i]=0.260417

 Ue= 1.248e-31
 Fint= 
-3.38271e-17 2.60209e-18 -2.34188e-17 -1.63931e-16 1.63931e-16 2.34188e-17 -2.34188e-17 -3.04444e-16 5.6205e-16 5.6205e-16 -3.27863e-16 3.747e-16 -3.38271e-17 7.02563e-17 1.63931e-16 -1.17094e-16 -3.27863e-16 -1.8735e-16 -1.19696e-16 -2.60209e-16 
 H= 
0.015 0.005 0.255 0.03375 0.178125 0.110625 -0.15 -0.0675 -0.30375 -0.10125 -0.17625 -0.04125 0.02875 0.02875 0.073125 -0.009375 0.0225 0.04125 0.0575 5.2977e-16 
0.005 0.015 0.1875 0.40875 -0.043125 0.024375 -0.015 -0.0975 -0.10125 -0.30375 -0.09375 -0.22875 -0.02875 -0.02875 0.091875 0.174375 -0.06 -0.07875 0.0575 0.115 
0.255 0.1875 0.995625 -0.10125 -0.945 0.523125 0.185625 -0.10125 -0.50625 -0.6075 0.016875 -0.135 -0.15 0.015 0.0675 0.084375 0.016875 0.135 0.06375 -1.59492e-15 
0.03375 0.40875 -0.10125 2.24437 -0.084375 -1.58625 0.10125 0.016875 -3.88578e-16 -1.31625 0.16875 -0.118125 0.0675 -0.0975 -0.219375 0.135 0.135 0.185625 -0.10125 0.1275 
0.178125 -0.043125 -0.945 -0.084375 0.691875 -0.405 0.0675 0.219375 -0.10125 0.405 0.286875 0.2025 0.073125 -0.091875 -0.118125 -1.02002e-15 0.084375 -0.2025 -0.2175 -1.58516e-15 
0.110625 0.024375 0.523125 -1.58625 -0.405 0.725625 -0.084375 0.135 -0.2025 0.70875 1.83881e-14 0.523125 0.009375 0.174375 4.16334e-15 -0.489375 0.10125 0.219375 -0.0525 -0.435 
-0.15 -0.015 0.185625 0.10125 0.0675 -0.084375 0.995625 0.10125 -0.50625 0.6075 0.016875 -0.135 0.255 -0.1875 -0.945 -0.523125 0.016875 0.135 0.06375 -1.58409e-15 
-0.0675 -0.0975 -0.10125 0.016875 0.219375 0.135 0.10125 2.24438 -6.10623e-16 -1.31625 -0.135 0.185625 -0.03375 0.40875 0.084375 -1.58625 -0.16875 -0.118125 0.10125 0.1275 
-0.30375 -0.10125 -0.50625 -3.88578e-16 -0.10125 -0.2025 -0.50625 -6.10623e-16 3.0375 -1.4011e-15 -0.405 0.70875 -0.30375 0.10125 -0.10125 0.2025 -0.405 -0.70875 -0.405 2.92821e-17 
-0.10125 -0.30375 -0.6075 -1.31625 0.405 0.70875 0.6075 -1.31625 -1.4011e-15 4.2525 0.10125 -0.81 0.10125 -0.30375 -0.405 0.70875 -0.10125 -0.81 5.21805e-17 -0.81 
-0.17625 -0.09375 0.016875 0.16875 0.286875 1.83881e-14 0.016875 -0.135 -0.405 0.10125 0.590625 -0.30375 0.0225 0.06 0.084375 -0.10125 -0.725625 0.30375 0.28875 3.16941e-15 
-0.04125 -0.22875 -0.135 -0.118125 0.2025 0.523125 -0.135 0.185625 0.70875 -0.81 -0.30375 0.219375 -0.04125 -0.07875 0.2025 0.219375 -0.30375 -0.489375 -0.15375 0.5775 
0.02875 -0.02875 -0.15 0.0675 0.073125 0.009375 0.255 -0.03375 -0.30375 0.10125 0.0225 -0.04125 0.015 -0.005 0.178125 -0.110625 -0.17625 0.04125 0.0575 5.31575e-16 
0.02875 -0.02875 0.015 -0.0975 -0.091875 0.174375 -0.1875 0.40875 0.10125 -0.30375 0.06 -0.07875 -0.005 0.015 0.043125 0.024375 0.09375 -0.22875 -0.0575 0.115 
0.073125 0.091875 0.0675 -0.219375 -0.118125 4.16334e-15 -0.945 0.084375 -0.10125 -0.405 0.084375 0.2025 0.178125 0.043125 0.691875 0.405 0.286875 -0.2025 -0.2175 -1.59237e-15 
-0.009375 0.174375 0.084375 0.135 -1.02002e-15 -0.489375 -0.523125 -1.58625 0.2025 0.70875 -0.10125 0.219375 -0.110625 0.024375 0.405 0.725625 2.20102e-14 0.523125 0.0525 -0.435 
0.0225 -0.06 0.016875 0.135 0.084375 0.10125 0.016875 -0.16875 -0.405 -0.10125 -0.725625 -0.30375 -0.17625 0.09375 0.286875 2.20102e-14 0.590625 0.30375 0.28875 3.16761e-15 
0.04125 -0.07875 0.135 0.185625 -0.2025 0.219375 0.135 -0.118125 -0.70875 -0.81 0.30375 -0.489375 0.04125 -0.22875 -0.2025 0.523125 0.30375 0.219375 0.15375 0.5775 
0.0575 0.0575 0.06375 -0.10125 -0.2175 -0.0525 0.06375 0.10125 -0.405 5.21805e-17 0.28875 -0.15375 0.0575 -0.0575 -0.2175 0.0525 0.28875 0.15375 0.02 -1.07111e-15 
5.2977e-16 0.115 -1.59492e-15 0.1275 -1.58516e-15 -0.435 -1.58409e-15 0.1275 2.92821e-17 -0.81 3.16941e-15 0.5775 5.31575e-16 0.115 -1.59237e-15 -0.435 3.16761e-15 0.5775 -1.07111e-15 0.04 


Iteração =X
Elemento =1
GRAU DO POLINOMIO =3
NUMERO DE NOS =10
Coordenadas Adimensionais dos Nós
0 Xsi[0][0]=0   Xsi[0][1]=0   
1 Xsi[1][0]=0.333333   Xsi[1][1]=0   
2 Xsi[2][0]=0   Xsi[2][1]=0.333333   
3 Xsi[3][0]=0.666667   Xsi[3][1]=0   
4 Xsi[4][0]=0.333333   Xsi[4][1]=0.333333   
5 Xsi[5][0]=0   Xsi[5][1]=0.666667   
6 Xsi[6][0]=1   Xsi[6][1]=0   
7 Xsi[7][0]=0.666667   Xsi[7][1]=0.333333   
8 Xsi[8][0]=0.333333   Xsi[8][1]=0.666667   
9 Xsi[9][0]=0   Xsi[9][1]=1   
Matriz dos Coeficientes das Funcoes de forma
1 0 0 0 0 0 0 0 0 0 
-5.5 9 0 -4.5 0 0 1 0 0 0 
-5.5 0 9 0 0 -4.5 0 0 0 1 
9 -22.5 0 18 0 0 -4.5 0 0 0 
18 -22.5 -22.5 4.5 27 4.5 0 -4.5 -4.5 0 
9 0 -22.5 0 0 18 0 0 0 -4.5 
-4.5 13.5 0 -13.5 0 0 4.5 0 0 0 
-13.5 27 13.5 -13.5 -27 0 0 13.5 0 0 
-13.5 13.5 27 0 -27 -13.5 0 0 13.5 0 
-4.5 0 13.5 0 0 -13.5 0 0 0 4.5 
Matriz dos Coeficientes das Derivadas direcionais das Funcoes de forma
C'0
-5.5 9 0 -4.5 0 0 1 0 0 0 
18 -45 0 36 0 0 -9 0 0 0 
18 -22.5 -22.5 4.5 27 4.5 0 -4.5 -4.5 0 
-13.5 40.5 0 -40.5 0 0 13.5 0 0 0 
-27 54 27 -27 -54 0 0 27 0 0 
-13.5 13.5 27 0 -27 -13.5 0 0 13.5 0 
C'1
-5.5 0 9 0 0 -4.5 0 0 0 1 
18 -22.5 -22.5 4.5 27 4.5 0 -4.5 -4.5 0 
18 0 -45 0 0 36 0 0 0 -9 
-13.5 27 13.5 -13.5 -27 0 0 13.5 0 0 
-27 27 54 0 -54 -27 0 0 27 0 
-13.5 0 40.5 0 0 -40.5 0 0 0 13.5 

Ponto de integracao No. =0
Valores das funcoes de forma no ponto de Integracao atual(PHI) :
0 0 0 0 1 0 0 0 0 0 
Valores das derivadas direcionais das funcoes de forma no ponto de Integracao atual(DPHI):
0.5 -1.5 -1.5 1.5 0 0 -0.5 1.5 0 0 
0.5 -1.5 -1.5 0 0 1.5 0 0 1.5 -0.5 
 X= 
7.5 4.5 
 J0= 40.5
 Y= 
7.5 4.5 
Matriz A1= 
-6.43041e-13 -4.5 
9 4.5 
 J1= 40.5
 A= 
1 0 
0 1 
 C= 
1 0 
0 1 
 E= 
0 0 0 0 
 S= 
0 0 0 0 
 CC= 
1 0 0 0 
0 1 0 0 
0 0 0.5 0.5 
0 0 0.5 0.5 
 fint= 0 0 0 0 0 0 0 0 0 0 0 0 0 0 0 0 0 0 0 0 
 h= 
0.00462963 -0.00154321 -0.0138889 0.00462963 -0.0138889 0.00462963 -0.00462963 0.00462963 0 0 0.0185185 -0.00925926 0.00154321 -0.00154321 -0.00462963 0.00462963 0.0185185 -0.00925926 -0.00617284 0.00308642 
-0.00154321 0.00462963 0.00462963 -0.0138889 0.00462963 -0.0138889 -0.00462963 0.00462963 0 0 6.61565e-16 0.00925926 0.00154321 -0.00154321 -0.00462963 0.00462963 6.61565e-16 0.00925926 -2.20522e-16 -0.00308642 
-0.0138889 0.00462963 0.0416667 -0.0138889 0.0416667 -0.0138889 0.0138889 -0.0138889 0 0 -0.0555556 0.0277778 -0.00462963 0.00462963 0.0138889 -0.0138889 -0.0555556 0.0277778 0.0185185 -0.00925926 
0.00462963 -0.0138889 -0.0138889 0.0416667 -0.0138889 0.0416667 0.0138889 -0.0138889 0 0 -1.98469e-15 -0.0277778 -0.00462963 0.00462963 0.0138889 -0.0138889 -1.98469e-15 -0.0277778 6.61565e-16 0.00925926 
-0.0138889 0.00462963 0.0416667 -0.0138889 0.0416667 -0.0138889 0.0138889 -0.0138889 0 0 -0.0555556 0.0277778 -0.00462963 0.00462963 0.0138889 -0.0138889 -0.0555556 0.0277778 0.0185185 -0.00925926 
0.00462963 -0.0138889 -0.0138889 0.0416667 -0.0138889 0.0416667 0.0138889 -0.0138889 0 0 -1.98469e-15 -0.0277778 -0.00462963 0.00462963 0.0138889 -0.0138889 -1.98469e-15 -0.0277778 6.61565e-16 0.00925926 
-0.00462963 -0.00462963 0.0138889 0.0138889 0.0138889 0.0138889 0.0416667 0.0138889 0 0 -0.0555556 -0.0277778 -0.0138889 -0.00462963 0.0416667 0.0138889 -0.0555556 -0.0277778 0.0185185 0.00925926 
0.00462963 0.00462963 -0.0138889 -0.0138889 -0.0138889 -0.0138889 0.0138889 0.0416667 0 0 -1.98469e-15 -0.0277778 -0.00462963 -0.0138889 0.0138889 0.0416667 -1.98469e-15 -0.0277778 6.61565e-16 0.00925926 
0 0 0 0 0 0 0 0 0 0 0 0 0 0 0 0 0 0 0 0 
0 0 0 0 0 0 0 0 0 0 0 0 0 0 0 0 0 0 0 0 
0.0185185 6.61565e-16 -0.0555556 -1.98469e-15 -0.0555556 -1.98469e-15 -0.0555556 -1.98469e-15 0 0 0.111111 3.96939e-15 0.0185185 6.61565e-16 -0.0555556 -1.98469e-15 0.111111 3.96939e-15 -0.037037 -1.32313e-15 
-0.00925926 0.00925926 0.0277778 -0.0277778 0.0277778 -0.0277778 -0.0277778 -0.0277778 0 0 3.96939e-15 0.0555556 0.00925926 0.00925926 -0.0277778 -0.0277778 3.96939e-15 0.0555556 -1.32313e-15 -0.0185185 
0.00154321 0.00154321 -0.00462963 -0.00462963 -0.00462963 -0.00462963 -0.0138889 -0.00462963 0 0 0.0185185 0.00925926 0.00462963 0.00154321 -0.0138889 -0.00462963 0.0185185 0.00925926 -0.00617284 -0.00308642 
-0.00154321 -0.00154321 0.00462963 0.00462963 0.00462963 0.00462963 -0.00462963 -0.0138889 0 0 6.61565e-16 0.00925926 0.00154321 0.00462963 -0.00462963 -0.0138889 6.61565e-16 0.00925926 -2.20522e-16 -0.00308642 
-0.00462963 -0.00462963 0.0138889 0.0138889 0.0138889 0.0138889 0.0416667 0.0138889 0 0 -0.0555556 -0.0277778 -0.0138889 -0.00462963 0.0416667 0.0138889 -0.0555556 -0.0277778 0.0185185 0.00925926 
0.00462963 0.00462963 -0.0138889 -0.0138889 -0.0138889 -0.0138889 0.0138889 0.0416667 0 0 -1.98469e-15 -0.0277778 -0.00462963 -0.0138889 0.0138889 0.0416667 -1.98469e-15 -0.0277778 6.61565e-16 0.00925926 
0.0185185 6.61565e-16 -0.0555556 -1.98469e-15 -0.0555556 -1.98469e-15 -0.0555556 -1.98469e-15 0 0 0.111111 3.96939e-15 0.0185185 6.61565e-16 -0.0555556 -1.98469e-15 0.111111 3.96939e-15 -0.037037 -1.32313e-15 
-0.00925926 0.00925926 0.0277778 -0.0277778 0.0277778 -0.0277778 -0.0277778 -0.0277778 0 0 3.96939e-15 0.0555556 0.00925926 0.00925926 -0.0277778 -0.0277778 3.96939e-15 0.0555556 -1.32313e-15 -0.0185185 
-0.00617284 -2.20522e-16 0.0185185 6.61565e-16 0.0185185 6.61565e-16 0.0185185 6.61565e-16 0 0 -0.037037 -1.32313e-15 -0.00617284 -2.20522e-16 0.0185185 6.61565e-16 -0.037037 -1.32313e-15 0.0123457 4.41043e-16 
0.00308642 -0.00308642 -0.00925926 0.00925926 -0.00925926 0.00925926 0.00925926 0.00925926 0 0 -1.32313e-15 -0.0185185 -0.00308642 -0.00308642 0.00925926 0.00925926 -1.32313e-15 -0.0185185 4.41043e-16 0.00617284 
 ue[0]=0 J0=40.5 W[i]=-0.28125

Ponto de integracao No. =1
Valores das funcoes de forma no ponto de Integracao atual(PHI) :
0.056 -0.216 -0.072 0.432 0.648 -0.072 -0.048 0.432 -0.216 0.056 
Valores das derivadas direcionais das funcoes de forma no ponto de Integracao atual(DPHI):
0.26 -0.9 -0.18 0.18 -2.16 0.36 0.46 2.34 -0.36 0 
0.26 -0.54 -0.54 -2.16 0 0.54 0 2.16 0.54 -0.26 
 X= 
8.1 6.3 
 J0= 40.5
 Y= 
8.1 6.3 
Matriz A1= 
2.66454e-14 -4.5 
9 4.5 
 J1= 40.5
 A= 
1 -3.9443e-31 
0 1 
 C= 
1 -3.9443e-31 
-3.9443e-31 1 
 E= 
0 0 -1.97215e-31 -1.97215e-31 
 S= 
0 0 -1.97215e-31 -1.97215e-31 
 CC= 
1 0 0 0 
0 1 0 0 
0 0 0.5 0.5 
0 0 0.5 0.5 
 fint= -5.69733e-33 5.69733e-33 1.97215e-32 -3.9443e-33 3.9443e-33 -1.97215e-32 -3.9443e-33 -9.86076e-32 4.73317e-32 4.73317e-32 -7.88861e-33 1.57772e-32 -1.00799e-32 -1.00799e-32 -5.1276e-32 4.33873e-32 7.88861e-33 3.15544e-32 3.3735e-47 -1.13947e-32 
 h= 
0.00125185 -0.000417284 -0.00202222 0.000288889 -0.00317778 0.00144444 -0.0141556 0.00722222 0.00346667 -0.00346667 0.00288889 -0.00115556 -0.000738272 0.000738272 0.0101111 -0.00317778 0.00404444 -0.00231111 -0.00166914 0.000834568 
-0.000417284 0.00125185 0.00144444 -0.00317778 0.000288889 -0.00202222 -0.000288889 -0.00664444 0.00346667 -0.00346667 -0.000577778 0.00231111 -0.000738272 0.000738272 -0.00375556 0.0106889 0.000577778 0.00115556 2.47082e-18 -0.000834568 
-0.00202222 0.00144444 0.0054 -0.001 0.003 -0.005 0.009 -0.025 0.0072 0.012 -0.0036 0.004 -0.00153333 -0.00255556 -0.0174 0.011 -0.0012 0.008 0.00115556 -0.00288889 
0.000288889 -0.00317778 -0.001 0.0102 -0.0002 0.003 0.0002 0.003 -0.0024 0.0216 0.0004 -0.0048 0.000511111 -0.0046 0.0026 -0.0282 -0.0004 0.0024 -1.71057e-18 0.000577778 
-0.00317778 0.000288889 0.003 -0.0002 0.0102 -0.001 0.0498 -0.005 -0.0216 0.0024 -0.0084 0.0008 0.0046 -0.000511111 -0.0246 0.0022 -0.0156 0.0016 0.00577778 -0.000577778 
0.00144444 -0.00202222 -0.005 0.003 -0.001 0.0054 0.001 0.0246 -0.012 -0.0072 0.002 -0.0048 0.00255556 0.00153333 0.013 -0.0162 -0.002 -0.0072 -8.55283e-18 0.00288889 
-0.0141556 -0.000288889 0.009 0.0002 0.0498 0.001 0.2502 0.005 -0.1224 -0.0024 -0.0396 -0.0008 0.0260667 0.000511111 -0.1074 -0.0022 -0.0804 -0.0016 0.0288889 0.000577778 
0.00722222 -0.00664444 -0.025 0.003 -0.005 0.0246 0.005 0.1254 -0.06 -0.0648 0.01 -0.0192 0.0127778 0.0138 0.065 -0.0498 -0.01 -0.0408 -4.27641e-17 0.0144444 
0.00346667 0.00346667 0.0072 -0.0024 -0.0216 -0.012 -0.1224 -0.06 0.0864 0.0288 0.0144 0.0096 -0.0184 -0.00613333 0.0216 0.0264 0.0432 0.0192 -0.0138667 -0.00693333 
-0.00346667 -0.00346667 0.012 0.0216 0.0024 -0.0072 -0.0024 -0.0648 0.0288 0.0864 -0.0048 5.0307e-17 -0.00613333 -0.0184 -0.0312 -0.036 0.0048 0.0288 2.05268e-17 -0.00693333 
0.00288889 -0.000577778 -0.0036 0.0004 -0.0084 0.002 -0.0396 0.01 0.0144 -0.0048 0.0072 -0.0016 -0.00306667 0.00102222 0.0228 -0.0044 0.012 -0.0032 -0.00462222 0.00115556 
-0.00115556 0.00231111 0.004 -0.0048 0.0008 -0.0048 -0.0008 -0.0192 0.0096 5.0307e-17 -0.0016 0.0048 -0.00204444 -1.04083e-17 -0.0104 0.0192 0.0016 0.0048 6.84226e-18 -0.00231111 
-0.000738272 -0.000738272 -0.00153333 0.000511111 0.0046 0.00255556 0.0260667 0.0127778 -0.0184 -0.00613333 -0.00306667 -0.00204444 0.00391852 0.00130617 -0.0046 -0.00562222 -0.0092 -0.00408889 0.00295309 0.00147654 
0.000738272 0.000738272 -0.00255556 -0.0046 -0.000511111 0.00153333 0.000511111 0.0138 -0.00613333 -0.0184 0.00102222 -1.04083e-17 0.00130617 0.00391852 0.00664444 0.00766667 -0.00102222 -0.00613333 -4.37145e-18 0.00147654 
0.0101111 -0.00375556 -0.0174 0.0026 -0.0246 0.013 -0.1074 0.065 0.0216 -0.0312 0.0228 -0.0104 -0.0046 0.00664444 0.0822 -0.0286 0.03 -0.0208 -0.0127111 0.00751111 
-0.00317778 0.0106889 0.011 -0.0282 0.0022 -0.0162 -0.0022 -0.0498 0.0264 -0.036 -0.0044 0.0192 -0.00562222 0.00766667 -0.0286 0.0918 0.0044 0.0072 1.88162e-17 -0.00635556 
0.00404444 0.000577778 -0.0012 -0.0004 -0.0156 -0.002 -0.0804 -0.01 0.0432 0.0048 0.012 0.0016 -0.0092 -0.00102222 0.03 0.0044 0.0264 0.0032 -0.00924444 -0.00115556 
-0.00231111 0.00115556 0.008 0.0024 0.0016 -0.0072 -0.0016 -0.0408 0.0192 0.0288 -0.0032 0.0048 -0.00408889 -0.00613333 -0.0208 0.0072 0.0032 0.0144 1.36845e-17 -0.00462222 
-0.00166914 2.47082e-18 0.00115556 -1.71057e-18 0.00577778 -8.55283e-18 0.0288889 -4.27641e-17 -0.0138667 2.05268e-17 -0.00462222 6.84226e-18 0.00295309 -4.37145e-18 -0.0127111 1.88162e-17 -0.00924444 1.36845e-17 0.00333827 -4.94163e-18 
0.000834568 -0.000834568 -0.00288889 0.000577778 -0.000577778 0.00288889 0.000577778 0.0144444 -0.00693333 -0.00693333 0.00115556 -0.00231111 0.00147654 0.00147654 0.00751111 -0.00635556 -0.00115556 -0.00462222 -4.94163e-18 0.00166914 
 ue[1]=3.88938e-62 J0=40.5 W[i]=0.260417

Ponto de integracao No. =2
Valores das funcoes de forma no ponto de Integracao atual(PHI) :
-0.048 0.432 0.432 -0.216 0.648 -0.216 0.056 -0.072 -0.072 0.056 
Valores das derivadas direcionais das funcoes de forma no ponto de Integracao atual(DPHI):
-0.46 -0.18 -2.34 0.9 2.16 0.36 -0.26 0.18 -0.36 0 
-0.46 -2.34 -0.18 0.36 2.16 0.9 0 -0.36 0.18 -0.26 
 X= 
8.1 2.7 
 J0= 40.5
 Y= 
8.1 2.7 
Matriz A1= 
1.42109e-14 -4.5 
9 4.5 
 J1= 40.5
 A= 
1 1.97215e-31 
0 1 
 C= 
1 1.97215e-31 
1.97215e-31 1 
 E= 
-1.11022e-16 -1.11022e-16 9.86076e-32 9.86076e-32 
 S= 
-1.11022e-16 -1.11022e-16 9.86076e-32 9.86076e-32 
 CC= 
1 0 0 0 
0 1 0 0 
0 0 0.5 0.5 
0 0 0.5 0.5 
 fint= -5.67447e-18 5.67447e-18 -5.55112e-17 2.22045e-18 2.44249e-17 2.88658e-17 -2.22045e-18 -1.11022e-17 2.66454e-17 -2.66454e-17 1.77636e-17 -4.44089e-18 3.20731e-18 3.20731e-18 -1.11022e-17 -2.22045e-18 8.88178e-18 4.44089e-18 -6.41462e-18 1.58259e-32 
 h= 
0.00391852 -0.00130617 0.0260667 -0.0127778 -0.0046 0.00562222 -0.00153333 -0.000511111 -0.0184 0.00613333 -0.0092 0.00408889 -0.000738272 0.000738272 0.0046 -0.00255556 -0.00306667 0.00204444 0.00295309 -0.00147654 
-0.00130617 0.00391852 -0.000511111 0.0138 -0.00664444 0.00766667 0.00255556 -0.0046 0.00613333 -0.0184 0.00102222 -0.00613333 -0.000738272 0.000738272 0.000511111 0.00153333 -0.00102222 -1.23498e-17 -2.33144e-18 0.00147654 
0.0260667 -0.000511111 0.2502 -0.005 -0.1074 0.0022 0.009 -0.0002 -0.1224 0.0024 -0.0804 0.0016 -0.0141556 0.000288889 0.0498 -0.001 -0.0396 0.0008 0.0288889 -0.000577778 
-0.0127778 0.0138 -0.005 0.1254 -0.065 -0.0498 0.025 0.003 0.06 -0.0648 0.01 -0.0408 -0.00722222 -0.00664444 0.005 0.0246 -0.01 -0.0192 -2.28075e-17 0.0144444 
-0.0046 -0.00664444 -0.1074 -0.065 0.0822 0.0286 -0.0174 -0.0026 0.0216 0.0312 0.03 0.0208 0.0101111 0.00375556 -0.0246 -0.013 0.0228 0.0104 -0.0127111 -0.00751111 
0.00562222 0.00766667 0.0022 -0.0498 0.0286 0.0918 -0.011 -0.0282 -0.0264 -0.036 -0.0044 0.0072 0.00317778 0.0106889 -0.0022 -0.0162 0.0044 0.0192 1.00353e-17 -0.00635556 
-0.00153333 0.00255556 0.009 0.025 -0.0174 -0.011 0.0054 0.001 0.0072 -0.012 -0.0012 -0.008 -0.00202222 -0.00144444 0.003 0.005 -0.0036 -0.004 0.00115556 0.00288889 
-0.000511111 -0.0046 -0.0002 0.003 -0.0026 -0.0282 0.001 0.0102 0.0024 0.0216 0.0004 0.0024 -0.000288889 -0.00317778 0.0002 0.003 -0.0004 -0.0048 -9.12302e-19 0.000577778 
-0.0184 0.00613333 -0.1224 0.06 0.0216 -0.0264 0.0072 0.0024 0.0864 -0.0288 0.0432 -0.0192 0.00346667 -0.00346667 -0.0216 0.012 0.0144 -0.0096 -0.0138667 0.00693333 
0.00613333 -0.0184 0.0024 -0.0648 0.0312 -0.036 -0.012 0.0216 -0.0288 0.0864 -0.0048 0.0288 0.00346667 -0.00346667 -0.0024 -0.0072 0.0048 2.14856e-17 1.09476e-17 -0.00693333 
-0.0092 0.00102222 -0.0804 0.01 0.03 -0.0044 -0.0012 0.0004 0.0432 -0.0048 0.0264 -0.0032 0.00404444 -0.000577778 -0.0156 0.002 0.012 -0.0016 -0.00924444 0.00115556 
0.00408889 -0.00613333 0.0016 -0.0408 0.0208 0.0072 -0.008 0.0024 -0.0192 0.0288 -0.0032 0.0144 0.00231111 0.00115556 -0.0016 -0.0072 0.0032 0.0048 7.29841e-18 -0.00462222 
-0.000738272 -0.000738272 -0.0141556 -0.00722222 0.0101111 0.00317778 -0.00202222 -0.000288889 0.00346667 0.00346667 0.00404444 0.00231111 0.00125185 0.000417284 -0.00317778 -0.00144444 0.00288889 0.00115556 -0.00166914 -0.000834568 
0.000738272 0.000738272 0.000288889 -0.00664444 0.00375556 0.0106889 -0.00144444 -0.00317778 -0.00346667 -0.00346667 -0.000577778 0.00115556 0.000417284 0.00125185 -0.000288889 -0.00202222 0.000577778 0.00231111 1.31777e-18 -0.000834568 
0.0046 0.000511111 0.0498 0.005 -0.0246 -0.0022 0.003 0.0002 -0.0216 -0.0024 -0.0156 -0.0016 -0.00317778 -0.000288889 0.0102 0.001 -0.0084 -0.0008 0.00577778 0.000577778 
-0.00255556 0.00153333 -0.001 0.0246 -0.013 -0.0162 0.005 0.003 0.012 -0.0072 0.002 -0.0072 -0.00144444 -0.00202222 0.001 0.0054 -0.002 -0.0048 -4.56151e-18 0.00288889 
-0.00306667 -0.00102222 -0.0396 -0.01 0.0228 0.0044 -0.0036 -0.0004 0.0144 0.0048 0.012 0.0032 0.00288889 0.000577778 -0.0084 -0.002 0.0072 0.0016 -0.00462222 -0.00115556 
0.00204444 -1.23498e-17 0.0008 -0.0192 0.0104 0.0192 -0.004 -0.0048 -0.0096 2.14856e-17 -0.0016 0.0048 0.00115556 0.00231111 -0.0008 -0.0048 0.0016 0.0048 3.64921e-18 -0.00231111 
0.00295309 -2.33144e-18 0.0288889 -2.28075e-17 -0.0127111 1.00353e-17 0.00115556 -9.12302e-19 -0.0138667 1.09476e-17 -0.00924444 7.29841e-18 -0.00166914 1.31777e-18 0.00577778 -4.56151e-18 -0.00462222 3.64921e-18 0.00333827 -2.63554e-18 
-0.00147654 0.00147654 -0.000577778 0.0144444 -0.00751111 -0.00635556 0.00288889 0.000577778 0.00693333 -0.00693333 0.00115556 -0.00462222 -0.000834568 -0.000834568 0.000577778 0.00288889 -0.00115556 -0.00231111 -2.63554e-18 0.00166914 
 ue[2]=1.2326e-32 J0=40.5 W[i]=0.260417

Ponto de integracao No. =3
Valores das funcoes de forma no ponto de Integracao atual(PHI) :
0.056 -0.072 -0.216 -0.072 0.648 0.432 0.056 -0.216 0.432 -0.048 
Valores das derivadas direcionais das funcoes de forma no ponto de Integracao atual(DPHI):
0.26 -0.54 -0.54 0.54 0 -2.16 -0.26 0.54 2.16 0 
0.26 -0.18 -0.9 0.36 -2.16 0.18 0 -0.36 2.34 0.46 
 X= 
6.3 4.5 
 J0= 40.5
 Y= 
6.3 4.5 
Matriz A1= 
-3.55271e-15 -4.5 
9 4.5 
 J1= 40.5
 A= 
1 0 
2.22045e-16 1 
 C= 
1 2.22045e-16 
2.22045e-16 1 
 E= 
0 0 1.11022e-16 1.11022e-16 
 S= 
0 0 1.11022e-16 1.11022e-16 
 CC= 
1 0 0 0 
0 1 0 0 
0 0 0.5 0.5 
0 0 0.5 0.5 
 fint= 3.20731e-18 -3.20731e-18 -6.66134e-18 -2.22045e-18 -6.66134e-18 1.55431e-17 6.66134e-18 -2.22045e-18 2.10363e-32 5.32907e-17 -2.66454e-17 -3.10862e-17 -3.20731e-18 -3.20731e-18 6.66134e-18 1.55431e-17 2.66454e-17 -3.10862e-17 -4.47995e-33 -1.13489e-17 
 h= 
0.00125185 -0.000417284 -0.000288889 -0.000288889 -0.00491111 0.00202222 0.00144444 -0.000288889 -0.0138667 0.00693333 0.00462222 -0.00404444 0.000417284 -0.000417284 -0.00317778 0.00202222 0.0115556 -0.00404444 0.00295309 -0.00147654 
-0.000417284 0.00125185 0.000866667 -0.00144444 0.000866667 -0.00375556 -0.000866667 0.00202222 -5.81592e-18 -0.00693333 0.00346667 -0.00288889 0.000417284 -0.000417284 -0.000866667 -0.000288889 -0.00346667 0.0109778 1.23858e-18 0.00147654 
-0.000288889 0.000866667 0.0022 0.0006 -0.001 -0.0042 -0.0014 0.0006 -0.0096 -0.0144 0.0128 0.0084 0.00144444 0.000866667 -0.0046 -0.0042 -0.0016 0.0084 0.00204444 0.00306667 
-0.000288889 -0.00144444 0.0006 0.0038 0.0006 0.0022 -0.0006 -0.0034 -4.02641e-18 -0.0048 0.0024 0.0172 0.000288889 0.00202222 -0.0006 -0.005 -0.0024 -0.0116 8.57476e-19 0.00102222 
-0.00491111 0.000866667 -0.001 0.0006 0.0214 -0.0042 -0.0046 0.0006 0.0672 -0.0144 -0.032 0.0084 -0.00317778 0.000866667 0.0178 -0.0042 -0.0464 0.0084 -0.0143111 0.00306667 
0.00202222 -0.00375556 -0.0042 0.0022 -0.0042 0.0134 0.0042 -0.005 2.81849e-17 0.0336 -0.0168 -0.0052 -0.00202222 -0.000288889 0.0042 0.0062 0.0168 -0.034 -6.00233e-18 -0.00715556 
0.00144444 -0.000866667 -0.0014 -0.0006 -0.0046 0.0042 0.0022 -0.0006 -0.0096 0.0144 -0.0016 -0.0084 -0.000288889 -0.000866667 -0.001 0.0042 0.0128 -0.0084 0.00204444 -0.00306667 
-0.000288889 0.00202222 0.0006 -0.0034 0.0006 -0.005 -0.0006 0.0038 -4.02641e-18 -0.0048 0.0024 -0.0116 0.000288889 -0.00144444 -0.0006 0.0022 -0.0024 0.0172 8.57476e-19 0.00102222 
-0.0138667 -5.81592e-18 -0.0096 -4.02641e-18 0.0672 2.81849e-17 -0.0096 -4.02641e-18 0.2304 9.66338e-17 -0.1344 -5.63697e-17 -0.0138667 -5.81592e-18 0.0672 2.81849e-17 -0.1344 -5.63697e-17 -0.0490667 -2.05794e-17 
0.00693333 -0.00693333 -0.0144 -0.0048 -0.0144 0.0336 0.0144 -0.0048 9.66338e-17 0.1152 -0.0576 -0.0672 -0.00693333 -0.00693333 0.0144 0.0336 0.0576 -0.0672 -2.05794e-17 -0.0245333 
0.00462222 0.00346667 0.0128 0.0024 -0.032 -0.0168 -0.0016 0.0024 -0.1344 -0.0576 0.1072 0.0336 0.0115556 0.00346667 -0.0464 -0.0168 0.0496 0.0336 0.0286222 0.0122667 
-0.00404444 -0.00288889 0.0084 0.0172 0.0084 -0.0052 -0.0084 -0.0116 -5.63697e-17 -0.0672 0.0336 0.0968 0.00404444 0.0109778 -0.0084 -0.034 -0.0336 -0.0184 1.20047e-17 0.0143111 
0.000417284 0.000417284 0.00144444 0.000288889 -0.00317778 -0.00202222 -0.000288889 0.000288889 -0.0138667 -0.00693333 0.0115556 0.00404444 0.00125185 0.000417284 -0.00491111 -0.00202222 0.00462222 0.00404444 0.00295309 0.00147654 
-0.000417284 -0.000417284 0.000866667 0.00202222 0.000866667 -0.000288889 -0.000866667 -0.00144444 -5.81592e-18 -0.00693333 0.00346667 0.0109778 0.000417284 0.00125185 -0.000866667 -0.00375556 -0.00346667 -0.00288889 1.23858e-18 0.00147654 
-0.00317778 -0.000866667 -0.0046 -0.0006 0.0178 0.0042 -0.001 -0.0006 0.0672 0.0144 -0.0464 -0.0084 -0.00491111 -0.000866667 0.0214 0.0042 -0.032 -0.0084 -0.0143111 -0.00306667 
0.00202222 -0.000288889 -0.0042 -0.005 -0.0042 0.0062 0.0042 0.0022 2.81849e-17 0.0336 -0.0168 -0.034 -0.00202222 -0.00375556 0.0042 0.0134 0.0168 -0.0052 -6.00233e-18 -0.00715556 
0.0115556 -0.00346667 -0.0016 -0.0024 -0.0464 0.0168 0.0128 -0.0024 -0.1344 0.0576 0.0496 -0.0336 0.00462222 -0.00346667 -0.032 0.0168 0.1072 -0.0336 0.0286222 -0.0122667 
-0.00404444 0.0109778 0.0084 -0.0116 0.0084 -0.034 -0.0084 0.0172 -5.63697e-17 -0.0672 0.0336 -0.0184 0.00404444 -0.00288889 -0.0084 -0.0052 -0.0336 0.0968 1.20047e-17 0.0143111 
0.00295309 1.23858e-18 0.00204444 8.57476e-19 -0.0143111 -6.00233e-18 0.00204444 8.57476e-19 -0.0490667 -2.05794e-17 0.0286222 1.20047e-17 0.00295309 1.23858e-18 -0.0143111 -6.00233e-18 0.0286222 1.20047e-17 0.0104494 4.38265e-18 
-0.00147654 0.00147654 0.00306667 0.00102222 0.00306667 -0.00715556 -0.00306667 0.00102222 -2.05794e-17 -0.0245333 0.0122667 0.0143111 0.00147654 0.00147654 -0.00306667 -0.00715556 -0.0122667 0.0143111 4.38265e-18 0.00522469 
 ue[3]=1.2326e-32 J0=40.5 W[i]=0.260417

 Ue= 2.60001e-31
 Fint= 
-2.60209e-17 2.60209e-17 -6.55725e-16 7.11824e-31 1.8735e-16 4.68375e-16 4.68375e-17 -1.40513e-16 2.81025e-16 2.81025e-16 -9.36751e-17 -3.747e-16 6.16298e-32 -3.08149e-31 -4.68375e-17 1.40513e-16 3.747e-16 -2.81025e-16 -6.76542e-17 -1.19696e-16 
 H= 
0.015 -0.005 0.40875 -0.1875 0.024375 0.043125 -0.0975 0.015 -0.30375 0.10125 -0.22875 0.09375 -0.02875 0.02875 0.174375 -0.091875 -0.07875 0.06 0.115 -0.0575 
-0.005 0.015 -0.03375 0.255 -0.110625 0.178125 0.0675 -0.15 0.10125 -0.30375 0.04125 -0.17625 -0.02875 0.02875 0.009375 0.073125 -0.04125 0.0225 2.52641e-15 0.0575 
0.40875 -0.03375 2.24437 0.10125 -1.58625 0.084375 0.016875 -0.10125 -1.31625 1.38778e-15 -0.118125 -0.16875 -0.0975 -0.0675 0.135 0.219375 0.185625 -0.135 0.1275 0.10125 
-0.1875 0.255 0.10125 0.995625 -0.523125 -0.945 0.10125 0.185625 0.6075 -0.50625 0.135 0.016875 -0.015 -0.15 -0.084375 0.0675 -0.135 0.016875 -7.78518e-15 0.06375 
0.024375 -0.110625 -1.58625 -0.523125 0.725625 0.405 0.135 0.084375 0.70875 0.2025 0.523125 8.45157e-15 0.174375 -0.009375 -0.489375 -1.71044e-14 0.219375 -0.10125 -0.435 0.0525 
0.043125 0.178125 0.084375 -0.945 0.405 0.691875 -0.219375 0.0675 -0.405 -0.10125 -0.2025 0.286875 0.091875 0.073125 -1.21153e-14 -0.118125 0.2025 0.084375 -7.58331e-15 -0.2175 
-0.0975 0.0675 0.016875 0.10125 0.135 -0.219375 2.24437 -0.10125 -1.31625 2.47025e-15 0.185625 0.135 0.40875 0.03375 -1.58625 -0.084375 -0.118125 0.16875 0.1275 -0.10125 
0.015 -0.15 -0.10125 0.185625 0.084375 0.0675 -0.10125 0.995625 -0.6075 -0.50625 0.135 0.016875 0.1875 0.255 0.523125 -0.945 -0.135 0.016875 -7.98725e-15 0.06375 
-0.30375 0.10125 -1.31625 0.6075 0.70875 -0.405 -1.31625 -0.6075 4.2525 9.08162e-16 -0.81 -0.10125 -0.30375 -0.10125 0.70875 0.405 -0.81 0.10125 -0.81 1.02141e-16 
0.10125 -0.30375 1.38778e-15 -0.50625 0.2025 -0.10125 2.47025e-15 -0.50625 9.08162e-16 3.0375 -0.70875 -0.405 -0.10125 -0.30375 -0.2025 -0.10125 0.70875 -0.405 1.14908e-16 -0.405 
-0.22875 0.04125 -0.118125 0.135 0.523125 -0.2025 0.185625 0.135 -0.81 -0.70875 0.219375 0.30375 -0.07875 0.04125 0.219375 -0.2025 -0.489375 0.30375 0.5775 0.15375 
0.09375 -0.17625 -0.16875 0.016875 8.45157e-15 0.286875 0.135 0.016875 -0.10125 -0.405 0.30375 0.590625 -0.06 0.0225 0.10125 0.084375 -0.30375 -0.725625 1.5347e-14 0.28875 
-0.02875 -0.02875 -0.0975 -0.015 0.174375 0.091875 0.40875 0.1875 -0.30375 -0.10125 -0.07875 -0.06 0.015 0.005 0.024375 -0.043125 -0.22875 -0.09375 0.115 0.0575 
0.02875 0.02875 -0.0675 -0.15 -0.009375 0.073125 0.03375 0.255 -0.10125 -0.30375 0.04125 0.0225 0.005 0.015 0.110625 0.178125 -0.04125 -0.17625 2.49274e-15 0.0575 
0.174375 0.009375 0.135 -0.084375 -0.489375 -1.21153e-14 -1.58625 0.523125 0.70875 -0.2025 0.219375 0.10125 0.024375 0.110625 0.725625 -0.405 0.523125 4.77396e-15 -0.435 -0.0525 
-0.091875 0.073125 0.219375 0.0675 -1.71044e-14 -0.118125 -0.084375 -0.945 0.405 -0.10125 -0.2025 0.084375 -0.043125 0.178125 -0.405 0.691875 0.2025 0.286875 -7.4486e-15 -0.2175 
-0.07875 -0.04125 0.185625 -0.135 0.219375 0.2025 -0.118125 -0.135 -0.81 0.70875 -0.489375 -0.30375 -0.22875 -0.04125 0.523125 0.2025 0.219375 -0.30375 0.5775 -0.15375 
0.06 0.0225 -0.135 0.016875 -0.10125 0.084375 0.16875 0.016875 0.10125 -0.405 0.30375 -0.725625 -0.09375 -0.17625 4.77396e-15 0.286875 -0.30375 0.590625 1.53807e-14 0.28875 
0.115 2.52641e-15 0.1275 -7.78518e-15 -0.435 -7.58331e-15 0.1275 -7.98725e-15 -0.81 1.14908e-16 0.5775 1.5347e-14 0.115 2.49274e-15 -0.435 -7.4486e-15 0.5775 1.53807e-14 0.04 -5.05745e-15 
-0.0575 0.0575 0.10125 0.06375 0.0525 -0.2175 -0.10125 0.06375 1.02141e-16 -0.405 0.15375 0.28875 0.0575 0.0575 -0.0525 -0.2175 -0.15375 0.28875 -5.05745e-15 0.02 


Iteração =X
Elemento =2
GRAU DO POLINOMIO =3
NUMERO DE NOS =10
Coordenadas Adimensionais dos Nós
0 Xsi[0][0]=0   Xsi[0][1]=0   
1 Xsi[1][0]=0.333333   Xsi[1][1]=0   
2 Xsi[2][0]=0   Xsi[2][1]=0.333333   
3 Xsi[3][0]=0.666667   Xsi[3][1]=0   
4 Xsi[4][0]=0.333333   Xsi[4][1]=0.333333   
5 Xsi[5][0]=0   Xsi[5][1]=0.666667   
6 Xsi[6][0]=1   Xsi[6][1]=0   
7 Xsi[7][0]=0.666667   Xsi[7][1]=0.333333   
8 Xsi[8][0]=0.333333   Xsi[8][1]=0.666667   
9 Xsi[9][0]=0   Xsi[9][1]=1   
Matriz dos Coeficientes das Funcoes de forma
1 0 0 0 0 0 0 0 0 0 
-5.5 9 0 -4.5 0 0 1 0 0 0 
-5.5 0 9 0 0 -4.5 0 0 0 1 
9 -22.5 0 18 0 0 -4.5 0 0 0 
18 -22.5 -22.5 4.5 27 4.5 0 -4.5 -4.5 0 
9 0 -22.5 0 0 18 0 0 0 -4.5 
-4.5 13.5 0 -13.5 0 0 4.5 0 0 0 
-13.5 27 13.5 -13.5 -27 0 0 13.5 0 0 
-13.5 13.5 27 0 -27 -13.5 0 0 13.5 0 
-4.5 0 13.5 0 0 -13.5 0 0 0 4.5 
Matriz dos Coeficientes das Derivadas direcionais das Funcoes de forma
C'0
-5.5 9 0 -4.5 0 0 1 0 0 0 
18 -45 0 36 0 0 -9 0 0 0 
18 -22.5 -22.5 4.5 27 4.5 0 -4.5 -4.5 0 
-13.5 40.5 0 -40.5 0 0 13.5 0 0 0 
-27 54 27 -27 -54 0 0 27 0 0 
-13.5 13.5 27 0 -27 -13.5 0 0 13.5 0 
C'1
-5.5 0 9 0 0 -4.5 0 0 0 1 
18 -22.5 -22.5 4.5 27 4.5 0 -4.5 -4.5 0 
18 0 -45 0 0 36 0 0 0 -9 
-13.5 27 13.5 -13.5 -27 0 0 13.5 0 0 
-27 27 54 0 -54 -27 0 0 27 0 
-13.5 0 40.5 0 0 -40.5 0 0 0 13.5 

Ponto de integracao No. =0
Valores das funcoes de forma no ponto de Integracao atual(PHI) :
0 0 0 0 1 0 0 0 0 0 
Valores das derivadas direcionais das funcoes de forma no ponto de Integracao atual(DPHI):
0.5 -1.5 -1.5 1.5 0 0 -0.5 1.5 0 0 
0.5 -1.5 -1.5 0 0 1.5 0 0 1.5 -0.5 
 X= 
4.5 7.5 
 J0= 40.5
 Y= 
4.5 7.5 
Matriz A1= 
-9 -4.5 
-6.43041e-13 -4.5 
 J1= 40.5
 A= 
1 0 
0 1 
 C= 
1 0 
0 1 
 E= 
0 0 0 0 
 S= 
0 0 0 0 
 CC= 
1 0 0 0 
0 1 0 0 
0 0 0.5 0.5 
0 0 0.5 0.5 
 fint= 0 0 0 0 0 0 0 0 0 0 0 0 0 0 0 0 0 0 0 0 
 h= 
0.00462963 0.00154321 -0.0138889 -0.00462963 -0.0138889 -0.00462963 0.00462963 0.00462963 0 0 0.00925926 -6.61565e-16 -0.00154321 -0.00154321 0.00462963 0.00462963 0.00925926 -6.61565e-16 -0.00308642 2.20522e-16 
0.00154321 0.00462963 -0.00462963 -0.0138889 -0.00462963 -0.0138889 -0.00462963 -0.00462963 0 0 0.00925926 0.0185185 0.00154321 0.00154321 -0.00462963 -0.00462963 0.00925926 0.0185185 -0.00308642 -0.00617284 
-0.0138889 -0.00462963 0.0416667 0.0138889 0.0416667 0.0138889 -0.0138889 -0.0138889 0 0 -0.0277778 1.98469e-15 0.00462963 0.00462963 -0.0138889 -0.0138889 -0.0277778 1.98469e-15 0.00925926 -6.61565e-16 
-0.00462963 -0.0138889 0.0138889 0.0416667 0.0138889 0.0416667 0.0138889 0.0138889 0 0 -0.0277778 -0.0555556 -0.00462963 -0.00462963 0.0138889 0.0138889 -0.0277778 -0.0555556 0.00925926 0.0185185 
-0.0138889 -0.00462963 0.0416667 0.0138889 0.0416667 0.0138889 -0.0138889 -0.0138889 0 0 -0.0277778 1.98469e-15 0.00462963 0.00462963 -0.0138889 -0.0138889 -0.0277778 1.98469e-15 0.00925926 -6.61565e-16 
-0.00462963 -0.0138889 0.0138889 0.0416667 0.0138889 0.0416667 0.0138889 0.0138889 0 0 -0.0277778 -0.0555556 -0.00462963 -0.00462963 0.0138889 0.0138889 -0.0277778 -0.0555556 0.00925926 0.0185185 
0.00462963 -0.00462963 -0.0138889 0.0138889 -0.0138889 0.0138889 0.0416667 -0.0138889 0 0 -0.0277778 1.98469e-15 -0.0138889 0.00462963 0.0416667 -0.0138889 -0.0277778 1.98469e-15 0.00925926 -6.61565e-16 
0.00462963 -0.00462963 -0.0138889 0.0138889 -0.0138889 0.0138889 -0.0138889 0.0416667 0 0 0.0277778 -0.0555556 0.00462963 -0.0138889 -0.0138889 0.0416667 0.0277778 -0.0555556 -0.00925926 0.0185185 
0 0 0 0 0 0 0 0 0 0 0 0 0 0 0 0 0 0 0 0 
0 0 0 0 0 0 0 0 0 0 0 0 0 0 0 0 0 0 0 0 
0.00925926 0.00925926 -0.0277778 -0.0277778 -0.0277778 -0.0277778 -0.0277778 0.0277778 0 0 0.0555556 -3.96939e-15 0.00925926 -0.00925926 -0.0277778 0.0277778 0.0555556 -3.96939e-15 -0.0185185 1.32313e-15 
-6.61565e-16 0.0185185 1.98469e-15 -0.0555556 1.98469e-15 -0.0555556 1.98469e-15 -0.0555556 0 0 -3.96939e-15 0.111111 -6.61565e-16 0.0185185 1.98469e-15 -0.0555556 -3.96939e-15 0.111111 1.32313e-15 -0.037037 
-0.00154321 0.00154321 0.00462963 -0.00462963 0.00462963 -0.00462963 -0.0138889 0.00462963 0 0 0.00925926 -6.61565e-16 0.00462963 -0.00154321 -0.0138889 0.00462963 0.00925926 -6.61565e-16 -0.00308642 2.20522e-16 
-0.00154321 0.00154321 0.00462963 -0.00462963 0.00462963 -0.00462963 0.00462963 -0.0138889 0 0 -0.00925926 0.0185185 -0.00154321 0.00462963 0.00462963 -0.0138889 -0.00925926 0.0185185 0.00308642 -0.00617284 
0.00462963 -0.00462963 -0.0138889 0.0138889 -0.0138889 0.0138889 0.0416667 -0.0138889 0 0 -0.0277778 1.98469e-15 -0.0138889 0.00462963 0.0416667 -0.0138889 -0.0277778 1.98469e-15 0.00925926 -6.61565e-16 
0.00462963 -0.00462963 -0.0138889 0.0138889 -0.0138889 0.0138889 -0.0138889 0.0416667 0 0 0.0277778 -0.0555556 0.00462963 -0.0138889 -0.0138889 0.0416667 0.0277778 -0.0555556 -0.00925926 0.0185185 
0.00925926 0.00925926 -0.0277778 -0.0277778 -0.0277778 -0.0277778 -0.0277778 0.0277778 0 0 0.0555556 -3.96939e-15 0.00925926 -0.00925926 -0.0277778 0.0277778 0.0555556 -3.96939e-15 -0.0185185 1.32313e-15 
-6.61565e-16 0.0185185 1.98469e-15 -0.0555556 1.98469e-15 -0.0555556 1.98469e-15 -0.0555556 0 0 -3.96939e-15 0.111111 -6.61565e-16 0.0185185 1.98469e-15 -0.0555556 -3.96939e-15 0.111111 1.32313e-15 -0.037037 
-0.00308642 -0.00308642 0.00925926 0.00925926 0.00925926 0.00925926 0.00925926 -0.00925926 0 0 -0.0185185 1.32313e-15 -0.00308642 0.00308642 0.00925926 -0.00925926 -0.0185185 1.32313e-15 0.00617284 -4.41043e-16 
2.20522e-16 -0.00617284 -6.61565e-16 0.0185185 -6.61565e-16 0.0185185 -6.61565e-16 0.0185185 0 0 1.32313e-15 -0.037037 2.20522e-16 -0.00617284 -6.61565e-16 0.0185185 1.32313e-15 -0.037037 -4.41043e-16 0.0123457 
 ue[0]=0 J0=40.5 W[i]=-0.28125

Ponto de integracao No. =1
Valores das funcoes de forma no ponto de Integracao atual(PHI) :
0.056 -0.216 -0.072 0.432 0.648 -0.072 -0.048 0.432 -0.216 0.056 
Valores das derivadas direcionais das funcoes de forma no ponto de Integracao atual(DPHI):
0.26 -0.9 -0.18 0.18 -2.16 0.36 0.46 2.34 -0.36 0 
0.26 -0.54 -0.54 -2.16 0 0.54 0 2.16 0.54 -0.26 
 X= 
2.7 8.1 
 J0= 40.5
 Y= 
2.7 8.1 
Matriz A1= 
-9 -4.5 
2.66454e-14 -4.5 
 J1= 40.5
 A= 
1 0 
0 1 
 C= 
1 0 
0 1 
 E= 
0 0 0 0 
 S= 
0 0 0 0 
 CC= 
1 0 0 0 
0 1 0 0 
0 0 0.5 0.5 
0 0 0.5 0.5 
 fint= 0 0 0 0 0 0 0 0 0 0 0 0 0 0 0 0 0 0 0 0 
 h= 
0.00125185 0.000417284 -0.00317778 -0.00144444 -0.00202222 -0.000288889 -0.00664444 0.000288889 -0.00346667 -0.00346667 0.00231111 0.000577778 0.000738272 0.000738272 0.0106889 0.00375556 0.00115556 -0.000577778 -0.000834568 -2.47082e-18 
0.000417284 0.00125185 -0.000288889 -0.00202222 -0.00144444 -0.00317778 -0.00722222 -0.0141556 0.00346667 0.00346667 0.00115556 0.00288889 -0.000738272 -0.000738272 0.00317778 0.0101111 0.00231111 0.00404444 -0.000834568 -0.00166914 
-0.00317778 -0.000288889 0.0102 0.001 0.003 0.0002 0.003 -0.0002 0.0216 0.0024 -0.0048 -0.0004 -0.0046 -0.000511111 -0.0282 -0.0026 0.0024 0.0004 0.000577778 1.71057e-18 
-0.00144444 -0.00202222 0.001 0.0054 0.005 0.003 0.025 0.009 -0.012 0.0072 -0.004 -0.0036 0.00255556 -0.00153333 -0.011 -0.0174 -0.008 -0.0012 0.00288889 0.00115556 
-0.00202222 -0.00144444 0.003 0.005 0.0054 0.001 0.0246 -0.001 -0.0072 0.012 -0.0048 -0.002 0.00153333 -0.00255556 -0.0162 -0.013 -0.0072 0.002 0.00288889 8.55283e-18 
-0.000288889 -0.00317778 0.0002 0.003 0.001 0.0102 0.005 0.0498 -0.0024 -0.0216 -0.0008 -0.0084 0.000511111 0.0046 -0.0022 -0.0246 -0.0016 -0.0156 0.000577778 0.00577778 
-0.00664444 -0.00722222 0.003 0.025 0.0246 0.005 0.1254 -0.005 -0.0648 0.06 -0.0192 -0.01 0.0138 -0.0127778 -0.0498 -0.065 -0.0408 0.01 0.0144444 4.27641e-17 
0.000288889 -0.0141556 -0.0002 0.009 -0.001 0.0498 -0.005 0.2502 0.0024 -0.1224 0.0008 -0.0396 -0.000511111 0.0260667 0.0022 -0.1074 0.0016 -0.0804 -0.000577778 0.0288889 
-0.00346667 0.00346667 0.0216 -0.012 -0.0072 -0.0024 -0.0648 0.0024 0.0864 -0.0288 -1.73472e-18 0.0048 -0.0184 0.00613333 -0.036 0.0312 0.0288 -0.0048 -0.00693333 -2.05268e-17 
-0.00346667 0.00346667 0.0024 0.0072 0.012 -0.0216 0.06 -0.1224 -0.0288 0.0864 -0.0096 0.0144 0.00613333 -0.0184 -0.0264 0.0216 -0.0192 0.0432 0.00693333 -0.0138667 
0.00231111 0.00115556 -0.0048 -0.004 -0.0048 -0.0008 -0.0192 0.0008 -1.73472e-18 -0.0096 0.0048 0.0016 4.33681e-19 0.00204444 0.0192 0.0104 0.0048 -0.0016 -0.00231111 -6.84226e-18 
0.000577778 0.00288889 -0.0004 -0.0036 -0.002 -0.0084 -0.01 -0.0396 0.0048 0.0144 0.0016 0.0072 -0.00102222 -0.00306667 0.0044 0.0228 0.0032 0.012 -0.00115556 -0.00462222 
0.000738272 -0.000738272 -0.0046 0.00255556 0.00153333 0.000511111 0.0138 -0.000511111 -0.0184 0.00613333 4.33681e-19 -0.00102222 0.00391852 -0.00130617 0.00766667 -0.00664444 -0.00613333 0.00102222 0.00147654 4.37145e-18 
0.000738272 -0.000738272 -0.000511111 -0.00153333 -0.00255556 0.0046 -0.0127778 0.0260667 0.00613333 -0.0184 0.00204444 -0.00306667 -0.00130617 0.00391852 0.00562222 -0.0046 0.00408889 -0.0092 -0.00147654 0.00295309 
0.0106889 0.00317778 -0.0282 -0.011 -0.0162 -0.0022 -0.0498 0.0022 -0.036 -0.0264 0.0192 0.0044 0.00766667 0.00562222 0.0918 0.0286 0.0072 -0.0044 -0.00635556 -1.88162e-17 
0.00375556 0.0101111 -0.0026 -0.0174 -0.013 -0.0246 -0.065 -0.1074 0.0312 0.0216 0.0104 0.0228 -0.00664444 -0.0046 0.0286 0.0822 0.0208 0.03 -0.00751111 -0.0127111 
0.00115556 0.00231111 0.0024 -0.008 -0.0072 -0.0016 -0.0408 0.0016 0.0288 -0.0192 0.0048 0.0032 -0.00613333 0.00408889 0.0072 0.0208 0.0144 -0.0032 -0.00462222 -1.36845e-17 
-0.000577778 0.00404444 0.0004 -0.0012 0.002 -0.0156 0.01 -0.0804 -0.0048 0.0432 -0.0016 0.012 0.00102222 -0.0092 -0.0044 0.03 -0.0032 0.0264 0.00115556 -0.00924444 
-0.000834568 -0.000834568 0.000577778 0.00288889 0.00288889 0.000577778 0.0144444 -0.000577778 -0.00693333 0.00693333 -0.00231111 -0.00115556 0.00147654 -0.00147654 -0.00635556 -0.00751111 -0.00462222 0.00115556 0.00166914 4.94163e-18 
-2.47082e-18 -0.00166914 1.71057e-18 0.00115556 8.55283e-18 0.00577778 4.27641e-17 0.0288889 -2.05268e-17 -0.0138667 -6.84226e-18 -0.00462222 4.37145e-18 0.00295309 -1.88162e-17 -0.0127111 -1.36845e-17 -0.00924444 4.94163e-18 0.00333827 
 ue[1]=0 J0=40.5 W[i]=0.260417

Ponto de integracao No. =2
Valores das funcoes de forma no ponto de Integracao atual(PHI) :
-0.048 0.432 0.432 -0.216 0.648 -0.216 0.056 -0.072 -0.072 0.056 
Valores das derivadas direcionais das funcoes de forma no ponto de Integracao atual(DPHI):
-0.46 -0.18 -2.34 0.9 2.16 0.36 -0.26 0.18 -0.36 0 
-0.46 -2.34 -0.18 0.36 2.16 0.9 0 -0.36 0.18 -0.26 
 X= 
6.3 8.1 
 J0= 40.5
 Y= 
6.3 8.1 
Matriz A1= 
-9 -4.5 
1.42109e-14 -4.5 
 J1= 40.5
 A= 
1 0 
0 1 
 C= 
1 0 
0 1 
 E= 
-1.11022e-16 -1.11022e-16 0 0 
 S= 
-1.11022e-16 -1.11022e-16 0 0 
 CC= 
1 0 0 0 
0 1 0 0 
0 0 0.5 0.5 
0 0 0.5 0.5 
 fint= -5.67447e-18 -5.67447e-18 -2.22045e-18 -5.55112e-17 -2.88658e-17 2.44249e-17 1.11022e-17 -2.22045e-18 2.66454e-17 2.66454e-17 4.44089e-18 1.77636e-17 -3.20731e-18 3.20731e-18 2.22045e-18 -1.11022e-17 -4.44089e-18 8.88178e-18 -1.01286e-32 -6.41462e-18 
 h= 
0.00391852 0.00130617 0.0138 0.000511111 0.00766667 0.00664444 -0.0046 -0.00255556 -0.0184 -0.00613333 -0.00613333 -0.00102222 0.000738272 0.000738272 0.00153333 -0.000511111 -5.84455e-18 0.00102222 0.00147654 2.33144e-18 
0.00130617 0.00391852 0.0127778 0.0260667 -0.00562222 -0.0046 0.000511111 -0.00153333 -0.00613333 -0.0184 -0.00408889 -0.0092 -0.000738272 -0.000738272 0.00255556 0.0046 -0.00204444 -0.00306667 0.00147654 0.00295309 
0.0138 0.0127778 0.1254 0.005 -0.0498 0.065 0.003 -0.025 -0.0648 -0.06 -0.0408 -0.01 -0.00664444 0.00722222 0.0246 -0.005 -0.0192 0.01 0.0144444 2.28075e-17 
0.000511111 0.0260667 0.005 0.2502 -0.0022 -0.1074 0.0002 0.009 -0.0024 -0.1224 -0.0016 -0.0804 -0.000288889 -0.0141556 0.001 0.0498 -0.0008 -0.0396 0.000577778 0.0288889 
0.00766667 -0.00562222 -0.0498 -0.0022 0.0918 -0.0286 -0.0282 0.011 -0.036 0.0264 0.0072 0.0044 0.0106889 -0.00317778 -0.0162 0.0022 0.0192 -0.0044 -0.00635556 -1.00353e-17 
0.00664444 -0.0046 0.065 -0.1074 -0.0286 0.0822 0.0026 -0.0174 -0.0312 0.0216 -0.0208 0.03 -0.00375556 0.0101111 0.013 -0.0246 -0.0104 0.0228 0.00751111 -0.0127111 
-0.0046 0.000511111 0.003 0.0002 -0.0282 0.0026 0.0102 -0.001 0.0216 -0.0024 0.0024 -0.0004 -0.00317778 0.000288889 0.003 -0.0002 -0.0048 0.0004 0.000577778 9.12302e-19 
-0.00255556 -0.00153333 -0.025 0.009 0.011 -0.0174 -0.001 0.0054 0.012 0.0072 0.008 -0.0012 0.00144444 -0.00202222 -0.005 0.003 0.004 -0.0036 -0.00288889 0.00115556 
-0.0184 -0.00613333 -0.0648 -0.0024 -0.036 -0.0312 0.0216 0.012 0.0864 0.0288 0.0288 0.0048 -0.00346667 -0.00346667 -0.0072 0.0024 -1.14742e-17 -0.0048 -0.00693333 -1.09476e-17 
-0.00613333 -0.0184 -0.06 -0.1224 0.0264 0.0216 -0.0024 0.0072 0.0288 0.0864 0.0192 0.0432 0.00346667 0.00346667 -0.012 -0.0216 0.0096 0.0144 -0.00693333 -0.0138667 
-0.00613333 -0.00408889 -0.0408 -0.0016 0.0072 -0.0208 0.0024 0.008 0.0288 0.0192 0.0144 0.0032 0.00115556 -0.00231111 -0.0072 0.0016 0.0048 -0.0032 -0.00462222 -7.29841e-18 
-0.00102222 -0.0092 -0.01 -0.0804 0.0044 0.03 -0.0004 -0.0012 0.0048 0.0432 0.0032 0.0264 0.000577778 0.00404444 -0.002 -0.0156 0.0016 0.012 -0.00115556 -0.00924444 
0.000738272 -0.000738272 -0.00664444 -0.000288889 0.0106889 -0.00375556 -0.00317778 0.00144444 -0.00346667 0.00346667 0.00115556 0.000577778 0.00125185 -0.000417284 -0.00202222 0.000288889 0.00231111 -0.000577778 -0.000834568 -1.31777e-18 
0.000738272 -0.000738272 0.00722222 -0.0141556 -0.00317778 0.0101111 0.000288889 -0.00202222 -0.00346667 0.00346667 -0.00231111 0.00404444 -0.000417284 0.00125185 0.00144444 -0.00317778 -0.00115556 0.00288889 0.000834568 -0.00166914 
0.00153333 0.00255556 0.0246 0.001 -0.0162 0.013 0.003 -0.005 -0.0072 -0.012 -0.0072 -0.002 -0.00202222 0.00144444 0.0054 -0.001 -0.0048 0.002 0.00288889 4.56151e-18 
-0.000511111 0.0046 -0.005 0.0498 0.0022 -0.0246 -0.0002 0.003 0.0024 -0.0216 0.0016 -0.0156 0.000288889 -0.00317778 -0.001 0.0102 0.0008 -0.0084 -0.000577778 0.00577778 
-5.84455e-18 -0.00204444 -0.0192 -0.0008 0.0192 -0.0104 -0.0048 0.004 -1.14742e-17 0.0096 0.0048 0.0016 0.00231111 -0.00115556 -0.0048 0.0008 0.0048 -0.0016 -0.00231111 -3.64921e-18 
0.00102222 -0.00306667 0.01 -0.0396 -0.0044 0.0228 0.0004 -0.0036 -0.0048 0.0144 -0.0032 0.012 -0.000577778 0.00288889 0.002 -0.0084 -0.0016 0.0072 0.00115556 -0.00462222 
0.00147654 0.00147654 0.0144444 0.000577778 -0.00635556 0.00751111 0.000577778 -0.00288889 -0.00693333 -0.00693333 -0.00462222 -0.00115556 -0.000834568 0.000834568 0.00288889 -0.000577778 -0.00231111 0.00115556 0.00166914 2.63554e-18 
2.33144e-18 0.00295309 2.28075e-17 0.0288889 -1.00353e-17 -0.0127111 9.12302e-19 0.00115556 -1.09476e-17 -0.0138667 -7.29841e-18 -0.00924444 -1.31777e-18 -0.00166914 4.56151e-18 0.00577778 -3.64921e-18 -0.00462222 2.63554e-18 0.00333827 
 ue[2]=1.2326e-32 J0=40.5 W[i]=0.260417

Ponto de integracao No. =3
Valores das funcoes de forma no ponto de Integracao atual(PHI) :
0.056 -0.072 -0.216 -0.072 0.648 0.432 0.056 -0.216 0.432 -0.048 
Valores das derivadas direcionais das funcoes de forma no ponto de Integracao atual(DPHI):
0.26 -0.54 -0.54 0.54 0 -2.16 -0.26 0.54 2.16 0 
0.26 -0.18 -0.9 0.36 -2.16 0.18 0 -0.36 2.34 0.46 
 X= 
4.5 6.3 
 J0= 40.5
 Y= 
4.5 6.3 
Matriz A1= 
-9 -4.5 
-3.55271e-15 -4.5 
 J1= 40.5
 A= 
1 0 
-4.93038e-32 1 
 C= 
1 -4.93038e-32 
-4.93038e-32 1 
 E= 
0 0 -2.46519e-32 -2.46519e-32 
 S= 
0 0 -2.46519e-32 -2.46519e-32 
 CC= 
1 0 0 0 
0 1 0 0 
0 0 0.5 0.5 
0 0 0.5 0.5 
 fint= 7.12166e-34 7.12166e-34 4.93038e-34 -1.47911e-33 -3.45127e-33 -1.47911e-33 4.93038e-34 1.47911e-33 -1.18329e-32 4.67099e-48 6.90253e-33 -5.91646e-33 7.12166e-34 -7.12166e-34 -3.45127e-33 1.47911e-33 6.90253e-33 5.91646e-33 2.51997e-33 -9.94749e-49 
 h= 
0.00125185 0.000417284 -0.00144444 -0.000866667 -0.00375556 -0.000866667 0.00202222 0.000866667 -0.00693333 2.73691e-18 -0.00288889 -0.00346667 -0.000417284 -0.000417284 -0.000288889 0.000866667 0.0109778 0.00346667 0.00147654 -5.82859e-19 
0.000417284 0.00125185 0.000288889 -0.000288889 -0.00202222 -0.00491111 0.000288889 0.00144444 -0.00693333 -0.0138667 0.00404444 0.00462222 0.000417284 0.000417284 -0.00202222 -0.00317778 0.00404444 0.0115556 0.00147654 0.00295309 
-0.00144444 0.000288889 0.0038 -0.0006 0.0022 -0.0006 -0.0034 0.0006 -0.0048 1.89478e-18 0.0172 -0.0024 0.00202222 -0.000288889 -0.005 0.0006 -0.0116 0.0024 0.00102222 -4.03518e-19 
-0.000866667 -0.000288889 -0.0006 0.0022 0.0042 -0.001 -0.0006 -0.0014 0.0144 -0.0096 -0.0084 0.0128 -0.000866667 0.00144444 0.0042 -0.0046 -0.0084 -0.0016 -0.00306667 0.00204444 
-0.00375556 -0.00202222 0.0022 0.0042 0.0134 0.0042 -0.005 -0.0042 0.0336 -1.32635e-17 -0.0052 0.0168 -0.000288889 0.00202222 0.0062 -0.0042 -0.034 -0.0168 -0.00715556 2.82463e-18 
-0.000866667 -0.00491111 -0.0006 -0.001 0.0042 0.0214 -0.0006 -0.0046 0.0144 0.0672 -0.0084 -0.032 -0.000866667 -0.00317778 0.0042 0.0178 -0.0084 -0.0464 -0.00306667 -0.0143111 
0.00202222 0.000288889 -0.0034 -0.0006 -0.005 -0.0006 0.0038 0.0006 -0.0048 1.89478e-18 -0.0116 -0.0024 -0.00144444 -0.000288889 0.0022 0.0006 0.0172 0.0024 0.00102222 -4.03518e-19 
0.000866667 0.00144444 0.0006 -0.0014 -0.0042 -0.0046 0.0006 0.0022 -0.0144 -0.0096 0.0084 -0.0016 0.000866667 -0.000288889 -0.0042 -0.001 0.0084 0.0128 0.00306667 0.00204444 
-0.00693333 -0.00693333 -0.0048 0.0144 0.0336 0.0144 -0.0048 -0.0144 0.1152 -4.54747e-17 -0.0672 0.0576 -0.00693333 0.00693333 0.0336 -0.0144 -0.0672 -0.0576 -0.0245333 9.68443e-18 
2.73691e-18 -0.0138667 1.89478e-18 -0.0096 -1.32635e-17 0.0672 1.89478e-18 -0.0096 -4.54747e-17 0.2304 2.65269e-17 -0.1344 2.73691e-18 -0.0138667 -1.32635e-17 0.0672 2.65269e-17 -0.1344 9.68443e-18 -0.0490667 
-0.00288889 0.00404444 0.0172 -0.0084 -0.0052 -0.0084 -0.0116 0.0084 -0.0672 2.65269e-17 0.0968 -0.0336 0.0109778 -0.00404444 -0.034 0.0084 -0.0184 0.0336 0.0143111 -5.64925e-18 
-0.00346667 0.00462222 -0.0024 0.0128 0.0168 -0.032 -0.0024 -0.0016 0.0576 -0.1344 -0.0336 0.1072 -0.00346667 0.0115556 0.0168 -0.0464 -0.0336 0.0496 -0.0122667 0.0286222 
-0.000417284 0.000417284 0.00202222 -0.000866667 -0.000288889 -0.000866667 -0.00144444 0.000866667 -0.00693333 2.73691e-18 0.0109778 -0.00346667 0.00125185 -0.000417284 -0.00375556 0.000866667 -0.00288889 0.00346667 0.00147654 -5.82859e-19 
-0.000417284 0.000417284 -0.000288889 0.00144444 0.00202222 -0.00317778 -0.000288889 -0.000288889 0.00693333 -0.0138667 -0.00404444 0.0115556 -0.000417284 0.00125185 0.00202222 -0.00491111 -0.00404444 0.00462222 -0.00147654 0.00295309 
-0.000288889 -0.00202222 -0.005 0.0042 0.0062 0.0042 0.0022 -0.0042 0.0336 -1.32635e-17 -0.034 0.0168 -0.00375556 0.00202222 0.0134 -0.0042 -0.0052 -0.0168 -0.00715556 2.82463e-18 
0.000866667 -0.00317778 0.0006 -0.0046 -0.0042 0.0178 0.0006 -0.001 -0.0144 0.0672 0.0084 -0.0464 0.000866667 -0.00491111 -0.0042 0.0214 0.0084 -0.032 0.00306667 -0.0143111 
0.0109778 0.00404444 -0.0116 -0.0084 -0.034 -0.0084 0.0172 0.0084 -0.0672 2.65269e-17 -0.0184 -0.0336 -0.00288889 -0.00404444 -0.0052 0.0084 0.0968 0.0336 0.0143111 -5.64925e-18 
0.00346667 0.0115556 0.0024 -0.0016 -0.0168 -0.0464 0.0024 0.0128 -0.0576 -0.1344 0.0336 0.0496 0.00346667 0.00462222 -0.0168 -0.032 0.0336 0.1072 0.0122667 0.0286222 
0.00147654 0.00147654 0.00102222 -0.00306667 -0.00715556 -0.00306667 0.00102222 0.00306667 -0.0245333 9.68443e-18 0.0143111 -0.0122667 0.00147654 -0.00147654 -0.00715556 0.00306667 0.0143111 0.0122667 0.00522469 -2.06243e-18 
-5.82859e-19 0.00295309 -4.03518e-19 0.00204444 2.82463e-18 -0.0143111 -4.03518e-19 0.00204444 9.68443e-18 -0.0490667 -5.64925e-18 0.0286222 -5.82859e-19 0.00295309 2.82463e-18 -0.0143111 -5.64925e-18 0.0286222 -2.06243e-18 0.0104494 
 ue[3]=6.07716e-64 J0=40.5 W[i]=0.260417

 Ue= 1.3e-31
 Fint= 
-5.9848e-17 -5.9848e-17 -2.34188e-17 -5.85469e-16 -3.04444e-16 2.57606e-16 1.17094e-16 -2.34188e-17 2.81025e-16 2.81025e-16 4.68375e-17 1.8735e-16 -3.38271e-17 3.38271e-17 2.34188e-17 -1.17094e-16 -4.68375e-17 9.36751e-17 -8.02471e-32 -6.76542e-17 
 H= 
0.015 0.005 0.255 0.03375 0.178125 0.110625 -0.15 -0.0675 -0.30375 -0.10125 -0.17625 -0.04125 0.02875 0.02875 0.073125 -0.009375 0.0225 0.04125 0.0575 -2.5195e-15 
0.005 0.015 0.1875 0.40875 -0.043125 0.024375 -0.015 -0.0975 -0.10125 -0.30375 -0.09375 -0.22875 -0.02875 -0.02875 0.091875 0.174375 -0.06 -0.07875 0.0575 0.115 
0.255 0.1875 0.995625 -0.10125 -0.945 0.523125 0.185625 -0.10125 -0.50625 -0.6075 0.016875 -0.135 -0.15 0.015 0.0675 0.084375 0.016875 0.135 0.06375 7.78997e-15 
0.03375 0.40875 -0.10125 2.24438 -0.084375 -1.58625 0.10125 0.016875 -1.44329e-15 -1.31625 0.16875 -0.118125 0.0675 -0.0975 -0.219375 0.135 0.135 0.185625 -0.10125 0.1275 
0.178125 -0.043125 -0.945 -0.084375 0.691875 -0.405 0.0675 0.219375 -0.10125 0.405 0.286875 0.2025 0.073125 -0.091875 -0.118125 -2.56739e-15 0.084375 -0.2025 -0.2175 7.54979e-15 
0.110625 0.024375 0.523125 -1.58625 -0.405 0.725625 -0.084375 0.135 -0.2025 0.70875 -7.95197e-15 0.523125 0.009375 0.174375 2.51188e-15 -0.489375 0.10125 0.219375 -0.0525 -0.435 
-0.15 -0.015 0.185625 0.10125 0.0675 -0.084375 0.995625 0.10125 -0.50625 0.6075 0.016875 -0.135 0.255 -0.1875 -0.945 -0.523125 0.016875 0.135 0.06375 7.99203e-15 
-0.0675 -0.0975 -0.10125 0.016875 0.219375 0.135 0.10125 2.24437 -2.63678e-15 -1.31625 -0.135 0.185625 -0.03375 0.40875 0.084375 -1.58625 -0.16875 -0.118125 0.10125 0.1275 
-0.30375 -0.10125 -0.50625 -1.44329e-15 -0.10125 -0.2025 -0.50625 -2.63678e-15 3.0375 -7.57172e-16 -0.405 0.70875 -0.30375 0.10125 -0.10125 0.2025 -0.405 -0.70875 -0.405 -2.29816e-16 
-0.10125 -0.30375 -0.6075 -1.31625 0.405 0.70875 0.6075 -1.31625 -7.57172e-16 4.2525 0.10125 -0.81 0.10125 -0.30375 -0.405 0.70875 -0.10125 -0.81 -2.03171e-16 -0.81 
-0.17625 -0.09375 0.016875 0.16875 0.286875 -7.95197e-15 0.016875 -0.135 -0.405 0.10125 0.590625 -0.30375 0.0225 0.06 0.084375 -0.10125 -0.725625 0.30375 0.28875 -1.528e-14 
-0.04125 -0.22875 -0.135 -0.118125 0.2025 0.523125 -0.135 0.185625 0.70875 -0.81 -0.30375 0.219375 -0.04125 -0.07875 0.2025 0.219375 -0.30375 -0.489375 -0.15375 0.5775 
0.02875 -0.02875 -0.15 0.0675 0.073125 0.009375 0.255 -0.03375 -0.30375 0.10125 0.0225 -0.04125 0.015 -0.005 0.178125 -0.110625 -0.17625 0.04125 0.0575 -2.48582e-15 
0.02875 -0.02875 0.015 -0.0975 -0.091875 0.174375 -0.1875 0.40875 0.10125 -0.30375 0.06 -0.07875 -0.005 0.015 0.043125 0.024375 0.09375 -0.22875 -0.0575 0.115 
0.073125 0.091875 0.0675 -0.219375 -0.118125 2.51188e-15 -0.945 0.084375 -0.10125 -0.405 0.084375 0.2025 0.178125 0.043125 0.691875 0.405 0.286875 -0.2025 -0.2175 7.41509e-15 
-0.009375 0.174375 0.084375 0.135 -2.56739e-15 -0.489375 -0.523125 -1.58625 0.2025 0.70875 -0.10125 0.219375 -0.110625 0.024375 0.405 0.725625 -4.26048e-15 0.523125 0.0525 -0.435 
0.0225 -0.06 0.016875 0.135 0.084375 0.10125 0.016875 -0.16875 -0.405 -0.10125 -0.725625 -0.30375 -0.17625 0.09375 0.286875 -4.26048e-15 0.590625 0.30375 0.28875 -1.53137e-14 
0.04125 -0.07875 0.135 0.185625 -0.2025 0.219375 0.135 -0.118125 -0.70875 -0.81 0.30375 -0.489375 0.04125 -0.22875 -0.2025 0.523125 0.30375 0.219375 0.15375 0.5775 
0.0575 0.0575 0.06375 -0.10125 -0.2175 -0.0525 0.06375 0.10125 -0.405 -2.03171e-16 0.28875 -0.15375 0.0575 -0.0575 -0.2175 0.0525 0.28875 0.15375 0.02 5.08192e-15 
-2.5195e-15 0.115 7.78997e-15 0.1275 7.54979e-15 -0.435 7.99203e-15 0.1275 -2.29816e-16 -0.81 -1.528e-14 0.5775 -2.48582e-15 0.115 7.41509e-15 -0.435 -1.53137e-14 0.5775 5.08192e-15 0.04 


Iteração =X
Elemento =3
GRAU DO POLINOMIO =3
NUMERO DE NOS =10
Coordenadas Adimensionais dos Nós
0 Xsi[0][0]=0   Xsi[0][1]=0   
1 Xsi[1][0]=0.333333   Xsi[1][1]=0   
2 Xsi[2][0]=0   Xsi[2][1]=0.333333   
3 Xsi[3][0]=0.666667   Xsi[3][1]=0   
4 Xsi[4][0]=0.333333   Xsi[4][1]=0.333333   
5 Xsi[5][0]=0   Xsi[5][1]=0.666667   
6 Xsi[6][0]=1   Xsi[6][1]=0   
7 Xsi[7][0]=0.666667   Xsi[7][1]=0.333333   
8 Xsi[8][0]=0.333333   Xsi[8][1]=0.666667   
9 Xsi[9][0]=0   Xsi[9][1]=1   
Matriz dos Coeficientes das Funcoes de forma
1 0 0 0 0 0 0 0 0 0 
-5.5 9 0 -4.5 0 0 1 0 0 0 
-5.5 0 9 0 0 -4.5 0 0 0 1 
9 -22.5 0 18 0 0 -4.5 0 0 0 
18 -22.5 -22.5 4.5 27 4.5 0 -4.5 -4.5 0 
9 0 -22.5 0 0 18 0 0 0 -4.5 
-4.5 13.5 0 -13.5 0 0 4.5 0 0 0 
-13.5 27 13.5 -13.5 -27 0 0 13.5 0 0 
-13.5 13.5 27 0 -27 -13.5 0 0 13.5 0 
-4.5 0 13.5 0 0 -13.5 0 0 0 4.5 
Matriz dos Coeficientes das Derivadas direcionais das Funcoes de forma
C'0
-5.5 9 0 -4.5 0 0 1 0 0 0 
18 -45 0 36 0 0 -9 0 0 0 
18 -22.5 -22.5 4.5 27 4.5 0 -4.5 -4.5 0 
-13.5 40.5 0 -40.5 0 0 13.5 0 0 0 
-27 54 27 -27 -54 0 0 27 0 0 
-13.5 13.5 27 0 -27 -13.5 0 0 13.5 0 
C'1
-5.5 0 9 0 0 -4.5 0 0 0 1 
18 -22.5 -22.5 4.5 27 4.5 0 -4.5 -4.5 0 
18 0 -45 0 0 36 0 0 0 -9 
-13.5 27 13.5 -13.5 -27 0 0 13.5 0 0 
-27 27 54 0 -54 -27 0 0 27 0 
-13.5 0 40.5 0 0 -40.5 0 0 0 13.5 

Ponto de integracao No. =0
Valores das funcoes de forma no ponto de Integracao atual(PHI) :
0 0 0 0 1 0 0 0 0 0 
Valores das derivadas direcionais das funcoes de forma no ponto de Integracao atual(DPHI):
0.5 -1.5 -1.5 1.5 0 0 -0.5 1.5 0 0 
0.5 -1.5 -1.5 0 0 1.5 0 0 1.5 -0.5 
 X= 
1.5 4.5 
 J0= 40.5
 Y= 
1.5 4.5 
Matriz A1= 
-1.36335e-13 4.5 
-9 -4.5 
 J1= 40.5
 A= 
1 3.15544e-30 
-2.22045e-16 1 
 C= 
1 -2.22045e-16 
-2.22045e-16 1 
 E= 
-1.11022e-16 0 -1.11022e-16 -1.11022e-16 
 S= 
-1.11022e-16 0 -1.11022e-16 -1.11022e-16 
 CC= 
1 0 0 0 
0 1 0 0 
0 0 0.5 0.5 
0 0 0.5 0.5 
 fint= -1.84889e-32 -6.16791e-18 9.5218e-31 1.85037e-17 -6.07053e-31 1.85037e-17 3.70074e-17 1.85037e-17 0 0 -3.70074e-17 -3.70074e-17 -1.23358e-17 -6.16791e-18 3.70074e-17 1.85037e-17 -3.70074e-17 -3.70074e-17 1.23358e-17 1.23358e-17 
 h= 
0.00462963 -0.00154321 -0.0138889 0.00462963 -0.0138889 0.00462963 -0.00462963 0.00462963 0 0 0.0185185 -0.00925926 0.00154321 -0.00154321 -0.00462963 0.00462963 0.0185185 -0.00925926 -0.00617284 0.00308642 
-0.00154321 0.00462963 0.00462963 -0.0138889 0.00462963 -0.0138889 -0.00462963 0.00462963 0 0 -1.44375e-16 0.00925926 0.00154321 -0.00154321 -0.00462963 0.00462963 -1.44375e-16 0.00925926 4.81249e-17 -0.00308642 
-0.0138889 0.00462963 0.0416667 -0.0138889 0.0416667 -0.0138889 0.0138889 -0.0138889 0 0 -0.0555556 0.0277778 -0.00462963 0.00462963 0.0138889 -0.0138889 -0.0555556 0.0277778 0.0185185 -0.00925926 
0.00462963 -0.0138889 -0.0138889 0.0416667 -0.0138889 0.0416667 0.0138889 -0.0138889 0 0 4.33124e-16 -0.0277778 -0.00462963 0.00462963 0.0138889 -0.0138889 4.33124e-16 -0.0277778 -1.44375e-16 0.00925926 
-0.0138889 0.00462963 0.0416667 -0.0138889 0.0416667 -0.0138889 0.0138889 -0.0138889 0 0 -0.0555556 0.0277778 -0.00462963 0.00462963 0.0138889 -0.0138889 -0.0555556 0.0277778 0.0185185 -0.00925926 
0.00462963 -0.0138889 -0.0138889 0.0416667 -0.0138889 0.0416667 0.0138889 -0.0138889 0 0 4.33124e-16 -0.0277778 -0.00462963 0.00462963 0.0138889 -0.0138889 4.33124e-16 -0.0277778 -1.44375e-16 0.00925926 
-0.00462963 -0.00462963 0.0138889 0.0138889 0.0138889 0.0138889 0.0416667 0.0138889 0 0 -0.0555556 -0.0277778 -0.0138889 -0.00462963 0.0416667 0.0138889 -0.0555556 -0.0277778 0.0185185 0.00925926 
0.00462963 0.00462963 -0.0138889 -0.0138889 -0.0138889 -0.0138889 0.0138889 0.0416667 0 0 4.33124e-16 -0.0277778 -0.00462963 -0.0138889 0.0138889 0.0416667 4.33124e-16 -0.0277778 -1.44375e-16 0.00925926 
0 0 0 0 0 0 0 0 0 0 0 0 0 0 0 0 0 0 0 0 
0 0 0 0 0 0 0 0 0 0 0 0 0 0 0 0 0 0 0 0 
0.0185185 -1.44375e-16 -0.0555556 4.33124e-16 -0.0555556 4.33124e-16 -0.0555556 4.33124e-16 0 0 0.111111 -8.66248e-16 0.0185185 -1.44375e-16 -0.0555556 4.33124e-16 0.111111 -8.66248e-16 -0.037037 2.88749e-16 
-0.00925926 0.00925926 0.0277778 -0.0277778 0.0277778 -0.0277778 -0.0277778 -0.0277778 0 0 -8.66248e-16 0.0555556 0.00925926 0.00925926 -0.0277778 -0.0277778 -8.66248e-16 0.0555556 2.88749e-16 -0.0185185 
0.00154321 0.00154321 -0.00462963 -0.00462963 -0.00462963 -0.00462963 -0.0138889 -0.00462963 0 0 0.0185185 0.00925926 0.00462963 0.00154321 -0.0138889 -0.00462963 0.0185185 0.00925926 -0.00617284 -0.00308642 
-0.00154321 -0.00154321 0.00462963 0.00462963 0.00462963 0.00462963 -0.00462963 -0.0138889 0 0 -1.44375e-16 0.00925926 0.00154321 0.00462963 -0.00462963 -0.0138889 -1.44375e-16 0.00925926 4.81249e-17 -0.00308642 
-0.00462963 -0.00462963 0.0138889 0.0138889 0.0138889 0.0138889 0.0416667 0.0138889 0 0 -0.0555556 -0.0277778 -0.0138889 -0.00462963 0.0416667 0.0138889 -0.0555556 -0.0277778 0.0185185 0.00925926 
0.00462963 0.00462963 -0.0138889 -0.0138889 -0.0138889 -0.0138889 0.0138889 0.0416667 0 0 4.33124e-16 -0.0277778 -0.00462963 -0.0138889 0.0138889 0.0416667 4.33124e-16 -0.0277778 -1.44375e-16 0.00925926 
0.0185185 -1.44375e-16 -0.0555556 4.33124e-16 -0.0555556 4.33124e-16 -0.0555556 4.33124e-16 0 0 0.111111 -8.66248e-16 0.0185185 -1.44375e-16 -0.0555556 4.33124e-16 0.111111 -8.66248e-16 -0.037037 2.88749e-16 
-0.00925926 0.00925926 0.0277778 -0.0277778 0.0277778 -0.0277778 -0.0277778 -0.0277778 0 0 -8.66248e-16 0.0555556 0.00925926 0.00925926 -0.0277778 -0.0277778 -8.66248e-16 0.0555556 2.88749e-16 -0.0185185 
-0.00617284 4.81249e-17 0.0185185 -1.44375e-16 0.0185185 -1.44375e-16 0.0185185 -1.44375e-16 0 0 -0.037037 2.88749e-16 -0.00617284 4.81249e-17 0.0185185 -1.44375e-16 -0.037037 2.88749e-16 0.0123457 -9.62498e-17 
0.00308642 -0.00308642 -0.00925926 0.00925926 -0.00925926 0.00925926 0.00925926 0.00925926 0 0 2.88749e-16 -0.0185185 -0.00308642 -0.00308642 0.00925926 0.00925926 2.88749e-16 -0.0185185 -9.62498e-17 0.00617284 
 ue[0]=1.84889e-32 J0=40.5 W[i]=-0.28125

Ponto de integracao No. =1
Valores das funcoes de forma no ponto de Integracao atual(PHI) :
0.056 -0.216 -0.072 0.432 0.648 -0.072 -0.048 0.432 -0.216 0.056 
Valores das derivadas direcionais das funcoes de forma no ponto de Integracao atual(DPHI):
0.26 -0.9 -0.18 0.18 -2.16 0.36 0.46 2.34 -0.36 0 
0.26 -0.54 -0.54 -2.16 0 0.54 0 2.16 0.54 -0.26 
 X= 
0.9 2.7 
 J0= 40.5
 Y= 
0.9 2.7 
Matriz A1= 
-8.88178e-16 4.5 
-9 -4.5 
 J1= 40.5
 A= 
1 0 
0 1 
 C= 
1 0 
0 1 
 E= 
0 0 0 0 
 S= 
0 0 0 0 
 CC= 
1 0 0 0 
0 1 0 0 
0 0 0.5 0.5 
0 0 0.5 0.5 
 fint= 0 0 0 0 0 0 0 0 0 0 0 0 0 0 0 0 0 0 0 0 
 h= 
0.00125185 -0.000417284 -0.00202222 0.000288889 -0.00317778 0.00144444 -0.0141556 0.00722222 0.00346667 -0.00346667 0.00288889 -0.00115556 -0.000738272 0.000738272 0.0101111 -0.00317778 0.00404444 -0.00231111 -0.00166914 0.000834568 
-0.000417284 0.00125185 0.00144444 -0.00317778 0.000288889 -0.00202222 -0.000288889 -0.00664444 0.00346667 -0.00346667 -0.000577778 0.00231111 -0.000738272 0.000738272 -0.00375556 0.0106889 0.000577778 0.00115556 8.23606e-20 -0.000834568 
-0.00202222 0.00144444 0.0054 -0.001 0.003 -0.005 0.009 -0.025 0.0072 0.012 -0.0036 0.004 -0.00153333 -0.00255556 -0.0174 0.011 -0.0012 0.008 0.00115556 -0.00288889 
0.000288889 -0.00317778 -0.001 0.0102 -0.0002 0.003 0.0002 0.003 -0.0024 0.0216 0.0004 -0.0048 0.000511111 -0.0046 0.0026 -0.0282 -0.0004 0.0024 -5.70189e-20 0.000577778 
-0.00317778 0.000288889 0.003 -0.0002 0.0102 -0.001 0.0498 -0.005 -0.0216 0.0024 -0.0084 0.0008 0.0046 -0.000511111 -0.0246 0.0022 -0.0156 0.0016 0.00577778 -0.000577778 
0.00144444 -0.00202222 -0.005 0.003 -0.001 0.0054 0.001 0.0246 -0.012 -0.0072 0.002 -0.0048 0.00255556 0.00153333 0.013 -0.0162 -0.002 -0.0072 -2.85094e-19 0.00288889 
-0.0141556 -0.000288889 0.009 0.0002 0.0498 0.001 0.2502 0.005 -0.1224 -0.0024 -0.0396 -0.0008 0.0260667 0.000511111 -0.1074 -0.0022 -0.0804 -0.0016 0.0288889 0.000577778 
0.00722222 -0.00664444 -0.025 0.003 -0.005 0.0246 0.005 0.1254 -0.06 -0.0648 0.01 -0.0192 0.0127778 0.0138 0.065 -0.0498 -0.01 -0.0408 -1.42547e-18 0.0144444 
0.00346667 0.00346667 0.0072 -0.0024 -0.0216 -0.012 -0.1224 -0.06 0.0864 0.0288 0.0144 0.0096 -0.0184 -0.00613333 0.0216 0.0264 0.0432 0.0192 -0.0138667 -0.00693333 
-0.00346667 -0.00346667 0.012 0.0216 0.0024 -0.0072 -0.0024 -0.0648 0.0288 0.0864 -0.0048 2.60209e-17 -0.00613333 -0.0184 -0.0312 -0.036 0.0048 0.0288 6.84226e-19 -0.00693333 
0.00288889 -0.000577778 -0.0036 0.0004 -0.0084 0.002 -0.0396 0.01 0.0144 -0.0048 0.0072 -0.0016 -0.00306667 0.00102222 0.0228 -0.0044 0.012 -0.0032 -0.00462222 0.00115556 
-0.00115556 0.00231111 0.004 -0.0048 0.0008 -0.0048 -0.0008 -0.0192 0.0096 2.60209e-17 -0.0016 0.0048 -0.00204444 -5.20417e-18 -0.0104 0.0192 0.0016 0.0048 2.28075e-19 -0.00231111 
-0.000738272 -0.000738272 -0.00153333 0.000511111 0.0046 0.00255556 0.0260667 0.0127778 -0.0184 -0.00613333 -0.00306667 -0.00204444 0.00391852 0.00130617 -0.0046 -0.00562222 -0.0092 -0.00408889 0.00295309 0.00147654 
0.000738272 0.000738272 -0.00255556 -0.0046 -0.000511111 0.00153333 0.000511111 0.0138 -0.00613333 -0.0184 0.00102222 -5.20417e-18 0.00130617 0.00391852 0.00664444 0.00766667 -0.00102222 -0.00613333 -1.45715e-19 0.00147654 
0.0101111 -0.00375556 -0.0174 0.0026 -0.0246 0.013 -0.1074 0.065 0.0216 -0.0312 0.0228 -0.0104 -0.0046 0.00664444 0.0822 -0.0286 0.03 -0.0208 -0.0127111 0.00751111 
-0.00317778 0.0106889 0.011 -0.0282 0.0022 -0.0162 -0.0022 -0.0498 0.0264 -0.036 -0.0044 0.0192 -0.00562222 0.00766667 -0.0286 0.0918 0.0044 0.0072 6.27207e-19 -0.00635556 
0.00404444 0.000577778 -0.0012 -0.0004 -0.0156 -0.002 -0.0804 -0.01 0.0432 0.0048 0.012 0.0016 -0.0092 -0.00102222 0.03 0.0044 0.0264 0.0032 -0.00924444 -0.00115556 
-0.00231111 0.00115556 0.008 0.0024 0.0016 -0.0072 -0.0016 -0.0408 0.0192 0.0288 -0.0032 0.0048 -0.00408889 -0.00613333 -0.0208 0.0072 0.0032 0.0144 4.56151e-19 -0.00462222 
-0.00166914 8.23606e-20 0.00115556 -5.70189e-20 0.00577778 -2.85094e-19 0.0288889 -1.42547e-18 -0.0138667 6.84226e-19 -0.00462222 2.28075e-19 0.00295309 -1.45715e-19 -0.0127111 6.27207e-19 -0.00924444 4.56151e-19 0.00333827 -1.64721e-19 
0.000834568 -0.000834568 -0.00288889 0.000577778 -0.000577778 0.00288889 0.000577778 0.0144444 -0.00693333 -0.00693333 0.00115556 -0.00231111 0.00147654 0.00147654 0.00751111 -0.00635556 -0.00115556 -0.00462222 -1.64721e-19 0.00166914 
 ue[1]=0 J0=40.5 W[i]=0.260417

Ponto de integracao No. =2
Valores das funcoes de forma no ponto de Integracao atual(PHI) :
-0.048 0.432 0.432 -0.216 0.648 -0.216 0.056 -0.072 -0.072 0.056 
Valores das derivadas direcionais das funcoes de forma no ponto de Integracao atual(DPHI):
-0.46 -0.18 -2.34 0.9 2.16 0.36 -0.26 0.18 -0.36 0 
-0.46 -2.34 -0.18 0.36 2.16 0.9 0 -0.36 0.18 -0.26 
 X= 
0.9 6.3 
 J0= 40.5
 Y= 
0.9 6.3 
Matriz A1= 
-2.22045e-16 4.5 
-9 -4.5 
 J1= 40.5
 A= 
1 3.08149e-33 
0 1 
 C= 
1 3.08149e-33 
3.08149e-33 1 
 E= 
0 0 1.54074e-33 1.54074e-33 
 S= 
0 0 1.54074e-33 1.54074e-33 
 CC= 
1 0 0 0 
0 1 0 0 
0 0 0.5 0.5 
0 0 0.5 0.5 
 fint= 7.87491e-35 -7.87491e-35 3.08149e-35 -7.70372e-34 4.00593e-34 3.38964e-34 -1.54074e-34 -3.08149e-35 -3.69779e-34 3.69779e-34 -6.16298e-35 2.46519e-34 4.45104e-35 4.45104e-35 -3.08149e-35 -1.54074e-34 6.16298e-35 1.2326e-34 2.19629e-51 -8.90208e-35 
 h= 
0.00391852 -0.00130617 0.0260667 -0.0127778 -0.0046 0.00562222 -0.00153333 -0.000511111 -0.0184 0.00613333 -0.0092 0.00408889 -0.000738272 0.000738272 0.0046 -0.00255556 -0.00306667 0.00204444 0.00295309 -0.00147654 
-0.00130617 0.00391852 -0.000511111 0.0138 -0.00664444 0.00766667 0.00255556 -0.0046 0.00613333 -0.0184 0.00102222 -0.00613333 -0.000738272 0.000738272 0.000511111 0.00153333 -0.00102222 -6.07153e-18 -3.64287e-20 0.00147654 
0.0260667 -0.000511111 0.2502 -0.005 -0.1074 0.0022 0.009 -0.0002 -0.1224 0.0024 -0.0804 0.0016 -0.0141556 0.000288889 0.0498 -0.001 -0.0396 0.0008 0.0288889 -0.000577778 
-0.0127778 0.0138 -0.005 0.1254 -0.065 -0.0498 0.025 0.003 0.06 -0.0648 0.01 -0.0408 -0.00722222 -0.00664444 0.005 0.0246 -0.01 -0.0192 -3.56368e-19 0.0144444 
-0.0046 -0.00664444 -0.1074 -0.065 0.0822 0.0286 -0.0174 -0.0026 0.0216 0.0312 0.03 0.0208 0.0101111 0.00375556 -0.0246 -0.013 0.0228 0.0104 -0.0127111 -0.00751111 
0.00562222 0.00766667 0.0022 -0.0498 0.0286 0.0918 -0.011 -0.0282 -0.0264 -0.036 -0.0044 0.0072 0.00317778 0.0106889 -0.0022 -0.0162 0.0044 0.0192 1.56802e-19 -0.00635556 
-0.00153333 0.00255556 0.009 0.025 -0.0174 -0.011 0.0054 0.001 0.0072 -0.012 -0.0012 -0.008 -0.00202222 -0.00144444 0.003 0.005 -0.0036 -0.004 0.00115556 0.00288889 
-0.000511111 -0.0046 -0.0002 0.003 -0.0026 -0.0282 0.001 0.0102 0.0024 0.0216 0.0004 0.0024 -0.000288889 -0.00317778 0.0002 0.003 -0.0004 -0.0048 -1.42547e-20 0.000577778 
-0.0184 0.00613333 -0.1224 0.06 0.0216 -0.0264 0.0072 0.0024 0.0864 -0.0288 0.0432 -0.0192 0.00346667 -0.00346667 -0.0216 0.012 0.0144 -0.0096 -0.0138667 0.00693333 
0.00613333 -0.0184 0.0024 -0.0648 0.0312 -0.036 -0.012 0.0216 -0.0288 0.0864 -0.0048 0.0288 0.00346667 -0.00346667 -0.0024 -0.0072 0.0048 -6.93889e-18 1.71057e-19 -0.00693333 
-0.0092 0.00102222 -0.0804 0.01 0.03 -0.0044 -0.0012 0.0004 0.0432 -0.0048 0.0264 -0.0032 0.00404444 -0.000577778 -0.0156 0.002 0.012 -0.0016 -0.00924444 0.00115556 
0.00408889 -0.00613333 0.0016 -0.0408 0.0208 0.0072 -0.008 0.0024 -0.0192 0.0288 -0.0032 0.0144 0.00231111 0.00115556 -0.0016 -0.0072 0.0032 0.0048 1.14038e-19 -0.00462222 
-0.000738272 -0.000738272 -0.0141556 -0.00722222 0.0101111 0.00317778 -0.00202222 -0.000288889 0.00346667 0.00346667 0.00404444 0.00231111 0.00125185 0.000417284 -0.00317778 -0.00144444 0.00288889 0.00115556 -0.00166914 -0.000834568 
0.000738272 0.000738272 0.000288889 -0.00664444 0.00375556 0.0106889 -0.00144444 -0.00317778 -0.00346667 -0.00346667 -0.000577778 0.00115556 0.000417284 0.00125185 -0.000288889 -0.00202222 0.000577778 0.00231111 2.05901e-20 -0.000834568 
0.0046 0.000511111 0.0498 0.005 -0.0246 -0.0022 0.003 0.0002 -0.0216 -0.0024 -0.0156 -0.0016 -0.00317778 -0.000288889 0.0102 0.001 -0.0084 -0.0008 0.00577778 0.000577778 
-0.00255556 0.00153333 -0.001 0.0246 -0.013 -0.0162 0.005 0.003 0.012 -0.0072 0.002 -0.0072 -0.00144444 -0.00202222 0.001 0.0054 -0.002 -0.0048 -7.12736e-20 0.00288889 
-0.00306667 -0.00102222 -0.0396 -0.01 0.0228 0.0044 -0.0036 -0.0004 0.0144 0.0048 0.012 0.0032 0.00288889 0.000577778 -0.0084 -0.002 0.0072 0.0016 -0.00462222 -0.00115556 
0.00204444 -6.07153e-18 0.0008 -0.0192 0.0104 0.0192 -0.004 -0.0048 -0.0096 -6.93889e-18 -0.0016 0.0048 0.00115556 0.00231111 -0.0008 -0.0048 0.0016 0.0048 5.70189e-20 -0.00231111 
0.00295309 -3.64287e-20 0.0288889 -3.56368e-19 -0.0127111 1.56802e-19 0.00115556 -1.42547e-20 -0.0138667 1.71057e-19 -0.00924444 1.14038e-19 -0.00166914 2.05901e-20 0.00577778 -7.12736e-20 -0.00462222 5.70189e-20 0.00333827 -4.11803e-20 
-0.00147654 0.00147654 -0.000577778 0.0144444 -0.00751111 -0.00635556 0.00288889 0.000577778 0.00693333 -0.00693333 0.00115556 -0.00462222 -0.000834568 -0.000834568 0.000577778 0.00288889 -0.00115556 -0.00231111 -4.11803e-20 0.00166914 
 ue[2]=2.37389e-66 J0=40.5 W[i]=0.260417

Ponto de integracao No. =3
Valores das funcoes de forma no ponto de Integracao atual(PHI) :
0.056 -0.072 -0.216 -0.072 0.648 0.432 0.056 -0.216 0.432 -0.048 
Valores das derivadas direcionais das funcoes de forma no ponto de Integracao atual(DPHI):
0.26 -0.54 -0.54 0.54 0 -2.16 -0.26 0.54 2.16 0 
0.26 -0.18 -0.9 0.36 -2.16 0.18 0 -0.36 2.34 0.46 
 X= 
2.7 4.5 
 J0= 40.5
 Y= 
2.7 4.5 
Matriz A1= 
-2.66454e-15 4.5 
-9 -4.5 
 J1= 40.5
 A= 
1 0 
0 1 
 C= 
1 0 
0 1 
 E= 
0 0 0 0 
 S= 
0 0 0 0 
 CC= 
1 0 0 0 
0 1 0 0 
0 0 0.5 0.5 
0 0 0.5 0.5 
 fint= 0 0 0 0 0 0 0 0 0 0 0 0 0 0 0 0 0 0 0 0 
 h= 
0.00125185 -0.000417284 -0.000288889 -0.000288889 -0.00491111 0.00202222 0.00144444 -0.000288889 -0.0138667 0.00693333 0.00462222 -0.00404444 0.000417284 -0.000417284 -0.00317778 0.00202222 0.0115556 -0.00404444 0.00295309 -0.00147654 
-0.000417284 0.00125185 0.000866667 -0.00144444 0.000866667 -0.00375556 -0.000866667 0.00202222 2.05268e-18 -0.00693333 0.00346667 -0.00288889 0.000417284 -0.000417284 -0.000866667 -0.000288889 -0.00346667 0.0109778 -4.37145e-19 0.00147654 
-0.000288889 0.000866667 0.0022 0.0006 -0.001 -0.0042 -0.0014 0.0006 -0.0096 -0.0144 0.0128 0.0084 0.00144444 0.000866667 -0.0046 -0.0042 -0.0016 0.0084 0.00204444 0.00306667 
-0.000288889 -0.00144444 0.0006 0.0038 0.0006 0.0022 -0.0006 -0.0034 1.42109e-18 -0.0048 0.0024 0.0172 0.000288889 0.00202222 -0.0006 -0.005 -0.0024 -0.0116 -3.02639e-19 0.00102222 
-0.00491111 0.000866667 -0.001 0.0006 0.0214 -0.0042 -0.0046 0.0006 0.0672 -0.0144 -0.032 0.0084 -0.00317778 0.000866667 0.0178 -0.0042 -0.0464 0.0084 -0.0143111 0.00306667 
0.00202222 -0.00375556 -0.0042 0.0022 -0.0042 0.0134 0.0042 -0.005 -9.9476e-18 0.0336 -0.0168 -0.0052 -0.00202222 -0.000288889 0.0042 0.0062 0.0168 -0.034 2.11847e-18 -0.00715556 
0.00144444 -0.000866667 -0.0014 -0.0006 -0.0046 0.0042 0.0022 -0.0006 -0.0096 0.0144 -0.0016 -0.0084 -0.000288889 -0.000866667 -0.001 0.0042 0.0128 -0.0084 0.00204444 -0.00306667 
-0.000288889 0.00202222 0.0006 -0.0034 0.0006 -0.005 -0.0006 0.0038 1.42109e-18 -0.0048 0.0024 -0.0116 0.000288889 -0.00144444 -0.0006 0.0022 -0.0024 0.0172 -3.02639e-19 0.00102222 
-0.0138667 2.05268e-18 -0.0096 1.42109e-18 0.0672 -9.9476e-18 -0.0096 1.42109e-18 0.2304 -3.41061e-17 -0.1344 1.98952e-17 -0.0138667 2.05268e-18 0.0672 -9.9476e-18 -0.1344 1.98952e-17 -0.0490667 7.26333e-18 
0.00693333 -0.00693333 -0.0144 -0.0048 -0.0144 0.0336 0.0144 -0.0048 -3.41061e-17 0.1152 -0.0576 -0.0672 -0.00693333 -0.00693333 0.0144 0.0336 0.0576 -0.0672 7.26333e-18 -0.0245333 
0.00462222 0.00346667 0.0128 0.0024 -0.032 -0.0168 -0.0016 0.0024 -0.1344 -0.0576 0.1072 0.0336 0.0115556 0.00346667 -0.0464 -0.0168 0.0496 0.0336 0.0286222 0.0122667 
-0.00404444 -0.00288889 0.0084 0.0172 0.0084 -0.0052 -0.0084 -0.0116 1.98952e-17 -0.0672 0.0336 0.0968 0.00404444 0.0109778 -0.0084 -0.034 -0.0336 -0.0184 -4.23694e-18 0.0143111 
0.000417284 0.000417284 0.00144444 0.000288889 -0.00317778 -0.00202222 -0.000288889 0.000288889 -0.0138667 -0.00693333 0.0115556 0.00404444 0.00125185 0.000417284 -0.00491111 -0.00202222 0.00462222 0.00404444 0.00295309 0.00147654 
-0.000417284 -0.000417284 0.000866667 0.00202222 0.000866667 -0.000288889 -0.000866667 -0.00144444 2.05268e-18 -0.00693333 0.00346667 0.0109778 0.000417284 0.00125185 -0.000866667 -0.00375556 -0.00346667 -0.00288889 -4.37145e-19 0.00147654 
-0.00317778 -0.000866667 -0.0046 -0.0006 0.0178 0.0042 -0.001 -0.0006 0.0672 0.0144 -0.0464 -0.0084 -0.00491111 -0.000866667 0.0214 0.0042 -0.032 -0.0084 -0.0143111 -0.00306667 
0.00202222 -0.000288889 -0.0042 -0.005 -0.0042 0.0062 0.0042 0.0022 -9.9476e-18 0.0336 -0.0168 -0.034 -0.00202222 -0.00375556 0.0042 0.0134 0.0168 -0.0052 2.11847e-18 -0.00715556 
0.0115556 -0.00346667 -0.0016 -0.0024 -0.0464 0.0168 0.0128 -0.0024 -0.1344 0.0576 0.0496 -0.0336 0.00462222 -0.00346667 -0.032 0.0168 0.1072 -0.0336 0.0286222 -0.0122667 
-0.00404444 0.0109778 0.0084 -0.0116 0.0084 -0.034 -0.0084 0.0172 1.98952e-17 -0.0672 0.0336 -0.0184 0.00404444 -0.00288889 -0.0084 -0.0052 -0.0336 0.0968 -4.23694e-18 0.0143111 
0.00295309 -4.37145e-19 0.00204444 -3.02639e-19 -0.0143111 2.11847e-18 0.00204444 -3.02639e-19 -0.0490667 7.26333e-18 0.0286222 -4.23694e-18 0.00295309 -4.37145e-19 -0.0143111 2.11847e-18 0.0286222 -4.23694e-18 0.0104494 -1.54682e-18 
-0.00147654 0.00147654 0.00306667 0.00102222 0.00306667 -0.00715556 -0.00306667 0.00102222 7.26333e-18 -0.0245333 0.0122667 0.0143111 0.00147654 0.00147654 -0.00306667 -0.00715556 -0.0122667 0.0143111 -1.54682e-18 0.00522469 
 ue[3]=0 J0=40.5 W[i]=0.260417

 Ue= -2.106e-31
 Fint= 
2.11431e-31 7.02563e-17 -1.08456e-29 -2.10769e-16 6.91894e-30 -2.10769e-16 -4.21538e-16 -2.10769e-16 -3.90001e-33 3.90001e-33 4.21538e-16 4.21538e-16 1.40513e-16 7.02563e-17 -4.21538e-16 -2.10769e-16 4.21538e-16 4.21538e-16 -1.40513e-16 -1.40513e-16 
 H= 
0.015 -0.005 0.40875 -0.1875 0.024375 0.043125 -0.0975 0.015 -0.30375 0.10125 -0.22875 0.09375 -0.02875 0.02875 0.174375 -0.091875 -0.07875 0.06 0.115 -0.0575 
-0.005 0.015 -0.03375 0.255 -0.110625 0.178125 0.0675 -0.15 0.10125 -0.30375 0.04125 -0.17625 -0.02875 0.02875 0.009375 0.073125 -0.04125 0.0225 -5.52299e-16 0.0575 
0.40875 -0.03375 2.24437 0.10125 -1.58625 0.084375 0.016875 -0.10125 -1.31625 3.88578e-16 -0.118125 -0.16875 -0.0975 -0.0675 0.135 0.219375 0.185625 -0.135 0.1275 0.10125 
-0.1875 0.255 0.10125 0.995625 -0.523125 -0.945 0.10125 0.185625 0.6075 -0.50625 0.135 0.016875 -0.015 -0.15 -0.084375 0.0675 -0.135 0.016875 1.63697e-15 0.06375 
0.024375 -0.110625 -1.58625 -0.523125 0.725625 0.405 0.135 0.084375 0.70875 0.2025 0.523125 -1.92069e-14 0.174375 -0.009375 -0.489375 1.05679e-14 0.219375 -0.10125 -0.435 0.0525 
0.043125 0.178125 0.084375 -0.945 0.405 0.691875 -0.219375 0.0675 -0.405 -0.10125 -0.2025 0.286875 0.091875 0.073125 1.57305e-14 -0.118125 0.2025 0.084375 1.66551e-15 -0.2175 
-0.0975 0.0675 0.016875 0.10125 0.135 -0.219375 2.24437 -0.10125 -1.31625 7.77156e-16 0.185625 0.135 0.40875 0.03375 -1.58625 -0.084375 -0.118125 0.16875 0.1275 -0.10125 
0.015 -0.15 -0.10125 0.185625 0.084375 0.0675 -0.10125 0.995625 -0.6075 -0.50625 0.135 0.016875 0.1875 0.255 0.523125 -0.945 -0.135 0.016875 1.62614e-15 0.06375 
-0.30375 0.10125 -1.31625 0.6075 0.70875 -0.405 -1.31625 -0.6075 4.2525 1.13909e-15 -0.81 -0.10125 -0.30375 -0.10125 0.70875 0.405 -0.81 0.10125 -0.81 7.66054e-17 
0.10125 -0.30375 3.88578e-16 -0.50625 0.2025 -0.10125 7.77156e-16 -0.50625 1.13909e-15 3.0375 -0.70875 -0.405 -0.10125 -0.30375 -0.2025 -0.10125 0.70875 -0.405 8.5626e-17 -0.405 
-0.22875 0.04125 -0.118125 0.135 0.523125 -0.2025 0.185625 0.135 -0.81 -0.70875 0.219375 0.30375 -0.07875 0.04125 0.219375 -0.2025 -0.489375 0.30375 0.5775 0.15375 
0.09375 -0.17625 -0.16875 0.016875 -1.92069e-14 0.286875 0.135 0.016875 -0.10125 -0.405 0.30375 0.590625 -0.06 0.0225 0.10125 0.084375 -0.30375 -0.725625 -3.33011e-15 0.28875 
-0.02875 -0.02875 -0.0975 -0.015 0.174375 0.091875 0.40875 0.1875 -0.30375 -0.10125 -0.07875 -0.06 0.015 0.005 0.024375 -0.043125 -0.22875 -0.09375 0.115 0.0575 
0.02875 0.02875 -0.0675 -0.15 -0.009375 0.073125 0.03375 0.255 -0.10125 -0.30375 0.04125 0.0225 0.005 0.015 0.110625 0.178125 -0.04125 -0.17625 -5.54103e-16 0.0575 
0.174375 0.009375 0.135 -0.084375 -0.489375 1.57305e-14 -1.58625 0.523125 0.70875 -0.2025 0.219375 0.10125 0.024375 0.110625 0.725625 -0.405 0.523125 -2.27041e-14 -0.435 -0.0525 
-0.091875 0.073125 0.219375 0.0675 1.05679e-14 -0.118125 -0.084375 -0.945 0.405 -0.10125 -0.2025 0.084375 -0.043125 0.178125 -0.405 0.691875 0.2025 0.286875 1.67272e-15 -0.2175 
-0.07875 -0.04125 0.185625 -0.135 0.219375 0.2025 -0.118125 -0.135 -0.81 0.70875 -0.489375 -0.30375 -0.22875 -0.04125 0.523125 0.2025 0.219375 -0.30375 0.5775 -0.15375 
0.06 0.0225 -0.135 0.016875 -0.10125 0.084375 0.16875 0.016875 0.10125 -0.405 0.30375 -0.725625 -0.09375 -0.17625 -2.27041e-14 0.286875 -0.30375 0.590625 -3.32831e-15 0.28875 
0.115 -5.52299e-16 0.1275 1.63697e-15 -0.435 1.66551e-15 0.1275 1.62614e-15 -0.81 8.5626e-17 0.5775 -3.33011e-15 0.115 -5.54103e-16 -0.435 1.67272e-15 0.5775 -3.32831e-15 0.04 1.07786e-15 
-0.0575 0.0575 0.10125 0.06375 0.0525 -0.2175 -0.10125 0.06375 7.66054e-17 -0.405 0.15375 0.28875 0.0575 0.0575 -0.0525 -0.2175 -0.15375 0.28875 1.07786e-15 0.02 


 Dy = 2.34188e-17 1.63931e-16 2.34188e-17 3.04444e-16 5.9848e-17 -9.62772e-17 2.57606e-16 1.8735e-16 -5.6205e-16 -5.6205e-16 -3.51282e-16 -3.51282e-16 -9.36751e-17 -7.96238e-16 4.21538e-16 5.6205e-16 6.55725e-16 -7.11824e-31 3.90001e-33 -3.90001e-33 3.27863e-16 5.88071e-16 -2.81025e-16 -2.81025e-16 -3.747e-16 -5.15213e-16 -4.21538e-16 9.36751e-17 -4.68375e-17 1.40513e-16 -2.34188e-17 3.27863e-16 -2.81025e-16 -2.81025e-16 3.51282e-16 -3.98119e-16 -1.17094e-16 2.34188e-17 2.34188e-17 5.85469e-16 5.9848e-17 5.9848e-17 
